5.005195518077652	0.036132454900000055
5.010031684136765	0.035518884699999975
5.014876895591811	0.033115088900000034
5.019731490265696	0.03448027369999995
5.024595492917443	0.03444898129999996
5.029469239527734	0.032162070299999956
5.034352140965606	0.03232175110000002
5.039244532827105	0.03336095809999995
5.044146440263234	0.031076371699999994
5.0490582071753725	0.03171890970000002
5.053979237513389	0.035684049100000004
5.058909869707478	0.03740006689999997
5.063850444727095	0.03473430870000005
5.068800363175897	0.031255066399999976
5.073759970767268	0.03484445810000003
5.078729293398526	0.03826045990000004
5.083708674940785	0.03716140990000005
5.088697514102669	0.034142851799999985
5.093696151768283	0.036181092299999995
5.098704622032998	0.03555703160000001
5.103723269117957	0.0318015814
5.108751487218225	0.02689832449999996
5.113789622749133	0.026648282999999995
5.1188377050806855	0.027166247399999954
5.123896081376115	0.02718693019999996
5.128964146512623	0.026849329499999963
5.134042247260466	0.028636515099999982
5.139130413457452	0.028815627099999963
5.144228997909495	0.026666045200000044
5.149337382982345	0.027758359899999974
5.154455926378741	0.03195857999999996
5.159584655767342	0.029112219800000005
5.164723927011225	0.025801658600000055
5.16987312046206	0.027000009999999963
5.175032591579007	0.026808977099999964
5.180202368480316	0.025873660999999992
5.1853828154883805	0.02466446160000002
5.190573305558964	0.025339365000000003
5.195774197246119	0.02640241379999997
5.200985521848091	0.02423590419999999
5.20620763875443	0.024144291900000003
5.211439924243716	0.023047387600000024
5.21668273730123	0.022248148900000042
5.221936442408947	0.024652838700000013
5.227200406816698	0.028607010800000054
5.232474994594579	0.03175914290000004
5.237760235190687	0.03082031009999997
5.243056501781614	0.028853654900000025
5.248363154014061	0.027714371700000018
5.253680559168555	0.02666681999999998
5.259008749961372	0.027083933400000038
5.264348094573287	0.026699841000000002
5.269697956005577	0.02815777060000002
5.275058702026937	0.026381730999999964
5.280430365889141	0.024425149000000035
5.2858133218453585	0.023643732100000037
5.2912069195838916	0.022306501900000053
5.296611538530948	0.02306431529999997
5.302027209690821	0.02435928580000002
5.307454310662803	0.025243639900000003
5.312892188901907	0.025524616200000017
5.3183412215839	0.02769589419999996
5.323801440230541	0.029390513900000026
5.329273231495907	0.029045879799999952
5.334755934915978	0.029591023900000013
5.340249931055638	0.028970956799999947
5.345755254840262	0.025888204599999964
5.351272287836365	0.026629507500000038
5.356800372980725	0.03132230039999995
5.362339891416393	0.03320539
5.367890878649912	0.032705545400000036
5.373453722597842	0.031518340099999986
5.379027755267368	0.02995604279999997
5.384613361243364	0.030389845400000004
5.390210936881802	0.032632827799999986
5.39581980735079	0.03409546610000003
5.401440362779057	0.03472995759999997
5.407072639719589	0.03194499019999997
5.412717029377788	0.029152452900000014
5.418372860354319	0.0298194289
5.424040523423317	0.03051781649999996
5.4297200557530605	0.031644821200000006
5.43541185510081	0.03425735240000005
5.441115235877288	0.03488540650000005
5.446830601314401	0.03307002780000001
5.452557986254349	0.031310141099999966
5.4582977921276035	0.03221911190000004
5.464049330866755	0.03245007990000004
5.469813003459092	0.034559786300000006
5.4755888453446095	0.033852815599999975
5.48137726766914	0.03153377769999999
5.487177573871016	0.03335034849999996
5.4929901686599285	0.03478419779999997
5.498815091129377	0.03381651640000005
5.504652747183377	0.03373068570000004
5.510502443738937	0.03348296880000001
5.516364586257547	0.03283452990000002
5.522239214502027	0.0325829983
5.528126741238996	0.03246694800000005
5.534026461699048	0.0336047411
5.539938785127888	0.037929058100000024
5.545863758103665	0.038986861699999986
5.551801794218091	0.035572707699999984
5.557752183002525	0.03327286240000005
5.563715340656551	0.03262794020000004
5.569691305223021	0.03332358599999996
5.575680503497688	0.032896995500000026
5.581682216149544	0.03207719330000003
5.58769686331921	0.03416067359999997
5.5937248686003125	0.03458434340000005
5.599765511387145	0.034310400500000005
5.60581921167118	0.036047458600000026
5.611886018134644	0.03682053090000004
5.6179663552803945	0.03523212669999998
5.624059496614967	0.03309464449999999
5.6301658693145065	0.03171235319999999
5.636285513347305	0.030089735999999978
5.642418866802877	0.029578983800000014
5.648565194059587	0.029820382599999973
5.654724926395089	0.028879582900000034
5.660898107711777	0.030963063199999974
5.66708517070577	0.03247052429999997
5.673285383311513	0.03012192250000001
5.6794991777641375	0.02833622690000004
5.685726598740053	0.027939915699999984
5.691968086373512	0.029104351999999944
5.698222896080133	0.03091418739999996
5.704491464269308	0.029589712599999984
5.710773842909673	0.027121305500000026
5.71707047317802	0.027596652499999985
5.723380604313397	0.030781626699999953
5.729704680266123	0.03355467320000005
5.736042744022285	0.03253602980000003
5.742395250932549	0.030596017799999986
5.748761440701405	0.027610480799999948
5.755141761630247	0.02665835620000001
5.761536260822184	0.02584552760000003
5.767945391474042	0.024999380100000024
5.774368386911101	0.028932988600000042
5.780805706512641	0.03022950889999998
5.787257803506882	0.029426872699999995
5.793723909756806	0.029813766500000005
5.800204481336817	0.030237555499999957
5.8066995634700955	0.02925211189999999
5.813209623985017	0.027180254499999945
5.819733884916227	0.02271348240000004
5.826272806872803	0.022491753099999956
5.832826439328725	0.02542108300000001
5.839395244573096	0.028140664100000046
5.845978448273143	0.028466522700000052
5.852576512239783	0.02625888590000003
5.859189486845992	0.02463310959999998
5.865817842468035	0.02594637870000005
5.87246079133663	0.026835560800000047
5.879118799883297	0.021467685700000017
5.885791926305478	0.02053326369999997
5.89248064228039	0.020508587399999945
5.899184153332142	0.019441425799999967
5.905902934095749	0.024546086800000033
5.912637033308353	0.026302039599999993
5.91938693790289	0.025769650900000052
5.926151843125464	0.023967444900000023
5.932932228431973	0.018591523200000015
5.9397281470177274	0.016617536499999974
5.946540083730353	0.021395683299999968
5.953367226884873	0.022690653800000016
5.960210067913775	0.022884726499999952
5.967068657460738	0.021437823800000033
5.973943485348826	0.023682236700000026
5.9808337364764155	0.026270806800000046
5.987739896583492	0.023712813900000018
5.99466246643847	0.02239370350000003
6.00160062208463	0.024698734300000025
6.0085548566286375	0.025325357900000012
6.015525226028638	0.025050580499999975
6.022512225377612	0.025410771400000032
6.029515034426611	0.02620351310000002
6.036534147775438	0.023528397099999987
6.043569622431221	0.017976701299999953
6.050621962309447	0.015009760899999947
6.057690332710519	0.02104264499999997
6.064775233368109	0.023610591900000033
6.071876729710704	0.02358114720000004
6.078995327262917	0.02522808310000002
6.086130184028752	0.02572399380000001
6.093281808696722	0.024999797300000015
6.100450256725156	0.02360147239999999
6.107636050106309	0.02011877299999998
6.114838335742037	0.018895268399999998
6.122057627682687	0.022307515099999953
6.129293986233336	0.023790240299999987
6.136547931402585	0.023855269000000012
6.143818602546657	0.022727191400000013
6.151106526705086	0.022146403799999992
6.158411761569295	0.022480845499999957
6.165734832687382	0.024288356300000036
6.1730748756104425	0.02443110940000004
6.1804324115556675	0.019369482999999965
6.187807510790335	0.018957078499999946
6.195200700682155	0.022070348299999987
6.202611109104877	0.02079468969999998
6.210039266724128	0.01978981489999998
6.217485705136133	0.020967781500000005
6.224949554113742	0.02184164519999998
6.232431344748514	0.022795021500000012
6.239931141810736	0.022308230399999962
6.247449486556425	0.022621452800000053
6.254985493184317	0.02273082729999998
6.262539698513135	0.02280074359999995
6.27011217640749	0.022952199000000006
6.277703470101476	0.0241499543
6.285312685839805	0.022691667100000035
6.292940370252384	0.02216845749999996
6.3005865866904145	0.022832453300000055
6.308251896219517	0.022841930400000043
6.315935393066519	0.023345529999999948
6.32363762984937	0.022402524900000054
6.331358675211417	0.02246594430000004
6.339099088378597	0.020821094500000026
6.346857955346356	0.01846826079999997
6.354635842868353	0.022525370099999997
6.3624328169245645	0.022996962100000018
6.370249442934267	0.02182108159999996
6.37808480265071	0.022822439699999975
6.385939456895314	0.022459149400000045
6.393813485201101	0.022043347400000024
6.401707455218271	0.022494196899999985
6.409620440320606	0.017781078800000016
6.41755301170571	0.014117121700000013
6.425505238055164	0.018910646399999953
6.433477705741277	0.021476387999999957
6.441469475529036	0.022233665000000014
6.449481125022387	0.023380458400000026
6.457513237224097	0.024355351900000044
6.465564870576043	0.02405965330000004
6.4736366033686625	0.023471772700000004
6.481728519360476	0.02201378350000005
6.489841203975975	0.01929676530000002
6.497973706968277	0.019048392800000036
6.506126617420393	0.02053999900000003
6.514300008000016	0.022113144400000007
6.522494483505714	0.02128607029999996
6.5307090806528505	0.02283066509999998
6.538944395241503	0.023528277900000005
6.547200505745574	0.021429359899999945
6.555478015322109	0.02139824629999998
6.56377595168834	0.022685944999999985
6.572094926085156	0.018658518800000023
6.580435014291507	0.0185546875
6.58879682642009	0.020628392700000053
6.597179385453687	0.020730912700000048
6.605583296620051	0.02071297169999997
6.614008650354767	0.021054148699999997
6.622456059497427	0.022418975799999963
6.6309245378660195	0.01945054530000001
6.639414702131357	0.01669299599999996
6.647926631279904	0.020635366399999966
6.656460958536834	0.024827241899999963
6.665016684023059	0.025658965099999986
6.673594431615805	0.025400102099999988
6.682194286450717	0.023652792000000034
6.690816880260569	0.024761140299999984
6.699461203671064	0.02647250889999997
6.70812789686059	0.024241447400000005
6.716817042262848	0.023229837399999953
6.725529279078558	0.025563120800000005
6.734263592878224	0.026551544699999985
6.743020617797666	0.027506947500000045
6.751801007809468	0.027782082600000035
6.760603736705889	0.027213096600000042
6.769429448860741	0.025051534199999947
6.778278234403006	0.023975849199999955
6.787150745931554	0.02135044340000003
6.796045947381609	0.021365404099999985
6.804964500061943	0.024637937499999985
6.813906491401163	0.02560639379999996
6.82287258184816	0.023773789399999967
6.831861730048825	0.023545980500000008
6.840874591259111	0.023705244099999967
6.849911268818141	0.022562742199999986
6.858972426502845	0.020533204100000035
6.868057012914328	0.020628333100000007
6.877165695986134	0.025631666200000014
6.886298566977244	0.025980234100000055
6.895456311948215	0.024303376700000046
6.904637864586629	0.022740721699999966
6.913843900973309	0.023151576499999993
6.923074519172432	0.024989187700000026
6.93233040407042	0.02597200870000005
6.941610478940226	0.024363160099999948
6.95091543778745	0.02276527880000001
6.960245375989348	0.020548522500000055
6.969600986886579	0.02101188899999995
6.9789811881010735	0.02173721790000005
6.9883866675880615	0.022936105700000042
6.997817537461179	0.023808181299999953
7.007274494805483	0.023096859499999955
7.016756446626742	0.021857917299999974
7.026264094382766	0.021842718100000047
7.035798146598531	0.021714806600000025
7.045357497256239	0.01986378430000002
7.054942864300016	0.01982986929999997
7.0645543490916864	0.02152228359999997
7.074192669062667	0.02142858510000001
7.083856712280093	0.021053016199999997
7.09354719065334	0.02176070210000003
7.103264222888861	0.02114456890000005
7.113008530478912	0.019510328800000032
7.1227789904582055	0.01912975309999998
7.132576328851894	0.020616889000000027
7.142400651624638	0.020179688899999992
7.152252704731465	0.019087493400000044
7.162131348930958	0.0181417465
7.172037319509719	0.01811969280000003
7.1819707300104385	0.019194781800000005
7.191932325637126	0.01943266389999998
7.201920955701134	0.016719639299999978
7.21193737529181	0.015533983700000031
7.221981695325523	0.018000423900000007
7.2320546706304984	0.018618404899999996
7.242155144195173	0.01801484819999999
7.25228386512096	0.016972243799999953
7.26244096261883	0.017392933400000032
7.27262719608787	0.01719391349999999
7.282841396842164	0.014745235399999945
7.293084329065491	0.01577210429999998
7.303356108822579	0.01714301110000005
7.313657521422588	0.016869962200000033
7.323987381018758	0.01569569110000002
7.334346461814967	0.014050543299999996
7.3447355461092805	0.014813363599999962
7.355153444380626	0.015336036700000055
7.365600933055471	0.014929652199999977
7.37607814926475	0.014525771099999973
7.386585880266309	0.014230728100000034
7.397122924396804	0.014194786499999945
7.407690073886271	0.01408624650000001
7.418287452437094	0.014499008699999982
7.42891587428878	0.013902604600000035
7.439574119972554	0.013247728299999983
7.450262992309309	0.01277387139999997
7.460982623498307	0.012119352799999983
7.4717338275877285	0.0128595829
7.4825153725004725	0.012620687500000005
7.4933280830480875	0.012335062000000008
7.504172088928152	0.012619316600000041
7.51504821521167	0.013108372699999982
7.525955222741425	0.01221585270000003
7.5368939305008045	0.011354625199999968
7.547864488285749	0.010614216300000034
7.55886772675609	0.009582638699999979
7.569902393890491	0.008213400799999993
7.580969325617339	0.008032321900000028
7.592068663652926	0.008504271499999994
7.603201250029544	0.007807791199999969
7.614365831218016	0.00800323489999999
7.625563248884643	0.008692979799999945
7.636793648107269	0.008225977399999973
7.648057888431605	0.008002340799999952
7.659354685672806	0.007366657299999968
7.670684910722866	0.007206261200000008
7.68204870627217	0.006142497100000033
7.693446943849174	0.005509316900000005
7.7048783316961025	0.006485581399999996
7.716343735032078	0.006907165100000001
7.727844046431815	0.005861640000000001
7.739377957991223	0.005723476400000038
7.750946350050647	0.005075454700000037
7.762549377460152	0.004847764999999948
7.774187933341933	0.004509449000000054
7.785860695877167	0.0038468837999999783
7.797568569966082	0.0033333302000000398
7.8093117081715695	0.0027703642999999945
7.8210910163246075	0.002813756500000042
7.832905164674349	0.0027363896
7.8447550525872725	0.002351224400000018
7.856640854830682	0.0018005371000000547
7.868563484087548	0.0013070107000000553
7.880521596404732	0.0014443398000000274
7.89251611030846	0.00236952300000004
7.904547192266738	0.0015143751999999733
7.916615768105022	-9.20300000000207e-05
7.928720491971335	-0.00030970599999990966
7.9408622894375345	-0.00018990000000007612
7.95304133108494	9.900330000001123e-05
7.96525856257609	-0.00014996500000008517
7.977512604549689	0.00014662740000004337
7.989804415124853	5.3048000000499584e-06
8.002134162779507	-0.0003410580000000607
8.014502807050354	-0.0009402039999999445
8.026908960090907	-0.0004798169999999935
8.039353574744874	0.0006916523000000119
8.051836843114653	0.00043284889999994913
8.064359732481575	0.00024288890000001562
8.076920839926656	0.0009854435999999689
8.089521138967946	0.0004951953999999814
8.102161614182316	0.0005705356999999855
8.114840844612468	0.001181006399999962
8.127559827796905	0.0005813241000000025
8.140318744355834	0.0006978511999999881
8.153118593625917	0.0005466938000000532
8.165957945762441	0.0007882714000000401
8.178837793250992	0.0015878676999999675
8.19175834139883	0.0021522044999999768
8.204720597974937	0.0024979711000000515
8.217723117428108	0.0023307204000000414
8.230766914061599	0.002885878099999961
8.243852184742757	0.0022177100000000394
8.25697995254314	0.0017159581000000257
8.270148769580787	0.0018168092000000469
8.283359658844333	0.001398086499999951
8.296612822277227	0.0016078949000000176
8.309909305583359	0.00151586530000003
8.323247624152687	0.0005258322000000204
8.33662883744873	3.9935000000212995e-06
8.350053145750257	-0.0002394910000000916
8.363521610949686	0.0006617904000000285
8.377032738931705	0.0009150504999999587
8.390587584508298	-0.0006190539999999523
8.40418637433314	-0.0006612539999999445
8.417830179855612	0.000296890700000052
8.431517490277066	0.00013738870000001846
8.445249384059249	0.0002186297999999809
8.459026079388034	0.0008981823999999472
8.472848664524125	0.0009629726000000005
8.486715626065173	0.0012843608999999478
8.500628052327421	0.0019769669000000434
8.514587051749288	0.0021446347000000365
8.528591083720828	0.0015222430000000342
8.542641249444317	0.0006076096999999558
8.556737791908382	0.0007601379999999658
8.57088182997899	0.0008991361000000309
8.58507180565219	0.0003089308999999485
8.599308845170395	-0.00032877899999994575
8.613593183067294	-0.0007507799999999509
8.627925956174796	-0.001170874000000044
8.642305603691781	-0.0014594789999999858
8.656733262621326	0.00023883579999994797
8.671209173819513	0.0020222067999999815
8.68573450014827	0.0021300316000000263
8.70030764044208	0.002288520300000041
8.714929772869226	0.0027289391000000496
8.729601137278468	0.004230976100000006
8.744322915582234	0.005625486400000046
8.759093495977694	0.006681740300000016
8.773914052920889	0.007943511000000014
8.78878485593513	0.011062443299999947
8.803707098791394	0.013747394100000032
8.818679151200191	0.014196813099999983
8.833702214898361	0.01552999020000001
8.848776551031671	0.0178542733
8.86390337321365	0.020913720100000033
8.879081048070672	0.02589428419999995
8.894310789591739	0.031053185500000025
8.909592866157418	0.03487110140000005
8.924928519778925	0.03903901580000002
8.940316074343116	0.044386804099999955
8.955756788226317	0.050276100599999984
8.971251911227657	0.05752062800000002
8.986799760739757	0.06255811450000004
9.002401594979977	0.06710416080000003
9.018057695603272	0.07328939440000004
9.033769333695968	0.07792848350000003
9.0495348233679	0.08146172760000003
9.065355436250885	0.08557552099999999
9.08123146195437	0.0891072154
9.097164201772438	0.09218150380000001
9.113151925339343	0.09491485359999996
9.129195951115051	0.09754568340000003
9.145296568670462	0.098995626
9.161455101930656	0.09955710169999998
9.177669808651714	0.10064643620000002
9.193942013416061	0.10078275199999998
9.210272014119774	0.09982532259999999
9.226661174859519	0.09894222019999999
9.243107724445068	0.09825629000000002
9.259613010771133	0.09782761340000001
9.27617734905669	0.09679120779999995
9.29280210168986	0.09502208229999998
9.309485502365225	0.09438496829999998
9.326228914316225	0.09317606690000002
9.34303266192295	0.09074300530000001
9.359898140721286	0.08920526500000003
9.376823537245604	0.08746814729999997
9.39381026548484	0.08532160519999998
9.410858650554674	0.08435910940000002
9.42797011317635	0.08300906419999998
9.445142827225501	0.08149504659999995
9.46237821441388	0.08058655260000003
9.479677705822137	0.0798848271
9.497039476962252	0.07994091510000001
9.514464960009514	0.07919180390000002
9.53195450631075	0.07807546850000002
9.54950958235703	0.0775527358
9.567128314539257	0.07794016599999998
9.584812188782527	0.07762360570000004
9.602561557811423	0.07770717140000005
9.620377915285365	0.07793503999999996
9.638259374384555	0.07719975710000004
9.656207430036208	0.07651144269999999
9.674222445617216	0.07676160340000004
9.69230596141096	0.07730966809999995
9.71045605857003	0.07738584280000005
9.728674260074635	0.07734012599999995
9.746960949965716	0.0779147148
9.765317669050274	0.07844650750000004
9.78374250379433	0.07898545270000001
9.802236996539378	0.07977789639999999
9.820802131396901	0.07956099510000003
9.839437132716073	0.07900261880000004
9.858143571520696	0.07889503239999995
9.876920688714044	0.07917475699999998
9.89577007049992	0.07932257649999996
9.91469093555102	0.07858037949999996
9.933684895117189	0.07802224160000004
9.952751165055616	0.07595175499999995
9.97189136226264	0.07377356290000003
9.991104719646005	0.0714533329
10.010392869960736	0.06945681569999995
10.029755021472376	0.06798547509999997
10.04919283489327	0.06645590069999996
10.068706137163701	0.06582373379999995
10.088294746037878	0.06474983690000002
10.107960345774924	0.062490224799999994
10.12770213978661	0.0610419512
10.147521827984876	0.06040871140000004
10.167418611073508	0.059213817099999955
10.187394206916442	0.05753636360000003
10.207447811461883	0.05596381429999997
10.227581159740426	0.05397748950000003
10.247793447113288	0.0533349514
10.268086425009765	0.052112162100000026
10.288459286159517	0.04936069249999997
10.308913799691368	0.047307491300000004
10.329449155732028	0.04636192319999999
10.350067142453588	0.04658907649999999
10.370766945271898	0.04688000680000004
10.391550370604902	0.04805546999999999
10.412416603465962	0.049442052800000025
10.433367467739998	0.05032533409999995
10.454402145933479	0.05159902569999997
10.47552248185234	0.05240732429999995
10.496727653341518	0.053718030500000014
10.518019523321913	0.05497109889999996
10.539397269395073	0.054480969899999954
10.56086277281024	0.053841769699999986
10.582415208774874	0.052914857899999945
10.604056478267754	0.05145448450000001
10.625785754143902	0.049637794500000054
10.647604958560114	0.0473011136
10.66951325980002	0.04451382159999995
10.691512600381515	0.041335046299999956
10.713602148588398	0.039102792700000055
10.735783866503521	0.03699505329999997
10.758057627342174	0.03381264210000001
10.780423293941588	0.03101432319999997
10.80288286120938	0.029687941099999948
10.82543549198974	0.028230428700000032
10.848083201583652	0.026035904899999962
10.870825150752722	0.025301933299999968
10.893663376697607	0.02509301900000005
10.916597038154523	0.025828123100000044
10.939628195782003	0.026140987899999968
10.962756003962358	0.02743661399999997
10.985982545979583	0.029752135299999982
11.009306976701748	0.03190863129999999
11.032731401229121	0.03430318830000001
11.056254972592825	0.03798031810000002
11.079879820514616	0.04217016699999998
11.103605093807438	0.04363310340000004
11.127432945976125	0.044200062799999995
11.151362526587437	0.045051276699999976
11.175396012115364	0.04630404710000002
11.199532550505749	0.04755836729999996
11.2237743440962	0.04892712830000001
11.248120535511148	0.05074733499999995
11.27257335590391	0.05067694190000005
11.297131946422532	0.0504760742
11.32179855989238	0.0507270098
11.346572339883089	0.05020576720000003
11.371455563852644	0.049127936400000016
11.39644737408642	0.04837679859999999
11.421550075695935	0.04736590389999995
11.446762807172792	0.045559525499999975
11.472087900433381	0.04438191650000001
11.497524495479963	0.04327654839999995
11.523074950213035	0.04117792840000001
11.548739218555694	0.04005777840000002
11.574517242780509	0.03930693860000001
11.600411423950096	0.03728020190000003
11.62642089979196	0.03505694869999998
11.652548098553428	0.03327339890000003
11.678792157246852	0.03198701140000004
11.705155533144323	0.03181904550000003
11.731637362661562	0.031872928099999975
11.758240134002397	0.03058451409999996
11.78496298035069	0.029198944600000054
11.811808419990133	0.028115630099999955
11.838775588519274	0.027112007099999946
11.865867033481434	0.026937007899999976
11.893081890265389	0.027068972599999963
11.920422739034462	0.027221024000000038
11.947888712272343	0.027157008600000032
11.975482421911654	0.02703195810000003
12.003203003347734	0.026467978999999975
12.0310530994654	0.025659740000000042
12.059031845888402	0.025538027299999988
12.087141918473547	0.026874542199999962
12.115382453231526	0.028099000500000026
12.143756161086113	0.027802884600000022
12.172262175657627	0.027610003900000013
12.200903242090895	0.02724987270000001
12.229678497672891	0.02668297289999999
12.258590720960077	0.026309013400000025
12.287639050142852	0.026387989499999986
12.316826300842049	0.026152968400000032
12.346151609311336	0.025959014899999966
12.375617827396423	0.02600318189999995
12.405225034388943	0.02667397260000004
12.43497330137928	0.02719110250000001
12.464865535927409	0.027018010599999975
12.494900876246419	0.02636289599999997
12.525082272593593	0.02605199810000003
12.5554088649662	0.026207029800000003
12.585883637721802	0.026130020600000026
12.616505737572105	0.02571386099999995
12.647278186849775	0.02523106340000003
12.678200134530613	0.025671243699999957
12.709274644886145	0.026687025999999947
12.740500866176648	0.02683895830000005
12.77188190379726	0.026652991800000025
12.803416911990816	0.026451945299999946
12.835109036505752	0.025959014899999966
12.866957434608251	0.02658510209999998
12.89896529652238	0.026396989800000048
12.931131779492487	0.025298953099999966
12.963460117420004	0.025717973699999952
12.995949474451601	0.025226771799999992
13.028603127415964	0.024259984499999998
13.061420244339901	0.02393299339999999
13.094404147556348	0.023983001700000006
13.127554009281624	0.023966968099999986
13.160873200031412	0.023172020900000034
13.194360893078267	0.021777808700000012
13.228020506352003	0.02163702249999999
13.261851221427406	0.02106970549999998
13.295856502932756	0.019585013399999962
13.330035537638802	0.018768847000000033
13.364391841408173	0.017471015499999965
13.398925698148396	0.015573740000000003
13.433637388795335	0.015408992799999965
13.468530503585663	0.01542496680000005
13.503604243902911	0.015075027900000038
13.538862252125128	0.01430761810000003
13.57430373617051	0.012675046899999987
13.609932393541397	0.012009024599999973
13.645747435414304	0.012223064900000025
13.681752613716561	0.011715948600000026
13.71794715070843	0.011924028399999953
13.754334852105188	0.012625157799999953
13.790914948009712	0.012832999200000028
13.827691302910138	0.01194769139999996
13.864663151410543	0.011080086200000006
13.901834416115518	0.011020123999999965
13.93920434425005	0.01178801060000001
13.976776915946076	0.011646986000000026
14.014551387747968	0.011465013000000024
14.052531800557661	0.010815083999999975
14.090717420772497	0.011877000300000051
14.129112353440977	0.01249098780000002
14.167715871387431	0.01191306110000001
14.206532143220937	0.010763823999999977
14.24556045673509	0.010381996600000054
14.284805043588456	0.010140895799999994
14.324265203165123	0.009728074099999984
14.363945235729371	0.010365128500000043
14.403844448768906	0.010438084599999953
14.443967210632174	0.008980631799999972
14.484312845794827	0.007573068100000024
14.5248857902493	0.00686770680000004
14.565685382025992	0.005178153499999949
14.606716130596014	0.0037419796000000005
14.647978692835748	0.004805922500000004
14.689473724741877	0.005541026599999999
14.731205843874308	0.005407988999999946
14.773174425324132	0.0045717954999999755
14.815384162346124	0.0036060810000000387
14.857834446206159	0.003445029300000013
14.900530049909829	0.0025921464000000505
14.943470377291034	-0.0009605880000000955
14.986660280766795	-0.0017400979999999677
15.03009918645019	0.0004782677000000346
15.073792025928505	0.000647008399999982
15.117738244058444	0.0011690259000000092
15.161942858120065	0.0006790757000000314
15.206405328059715	0.0009360909000000195
15.251130756618972	0.0017549991999999959
15.296118628972158	0.0011147857000000094
15.341374133198688	0.0007550120000000549
15.386896776128232	0.0016822219000000027
15.432691835681943	0.0024822949999999677
15.478758841399912	0.0032212137999999557
15.525103165746607	0.004552722000000009
15.57172435726704	0.006139278399999948
15.618627882911403	0.007978916200000019
15.665813320989976	0.00937730069999998
15.713286233002977	0.01117086410000001
15.761046223417933	0.012034058599999953
15.809098955708135	0.011799752699999999
15.857444056765335	0.011400044000000054
15.906087292134648	0.011355936499999997
15.955028322403392	0.010857880099999995
16.004273015421617	0.010801076899999984
16.05382106185103	0.011156022500000029
16.10367843712528	0.011376023299999982
16.15384645778699	0.012410163900000049
16.204326429216575	0.013350009900000015
16.25512449626897	0.013075947799999987
16.306240431151608	0.013795673800000019
16.357680491126636	0.015590310100000004
16.409444483734305	0.017334937999999966
16.461538787097048	0.01992958779999998
16.513963240340914	0.022992730100000025
16.56672434298301	0.026314616199999974
16.61982197826934	0.029249012500000005
16.67326276781361	0.030959308100000027
16.727046635386557	0.032581627400000035
16.781180333705976	0.03408038619999998
16.835663820507737	0.03668481109999999
16.890503988907874	0.038700282600000024
16.9457008409749	0.03981697559999997
17.001261397028497	0.040349185499999995
17.057185714091972	0.04194164280000001
17.113480949216022	0.04322528839999995
17.170147208033875	0.04498380420000003
17.227191794168426	0.046596169500000006
17.284614858204463	0.046537101299999994
17.34242385153915	0.04584890600000002
17.40061898390162	0.04585492609999997
17.459207855881477	0.04637706279999998
17.518190732907197	0.045776724799999946
17.577575375309728	0.04576218129999998
17.637362100644143	0.04761558769999996
17.697558830555124	0.047947943199999954
17.758165949747546	0.0474100113
17.819191542994588	0.04844248289999997
17.880638009100874	0.05272275209999999
17.94250775326352	0.053834199900000046
18.004809122326673	0.05552196499999995
18.06754265970453	0.057320177599999966
18.13071689141598	0.05801063780000004
18.194332438845187	0.05990213160000002
18.258398009549932	0.05925112960000001
18.322914299756498	0.05924499029999997
18.38789021094436	0.0576450825
18.453326510936765	0.05607891080000005
18.519232297744097	0.05570727590000002
18.585608427924562	0.05248349910000005
18.652464198943314	0.051183104499999965
18.719800553194666	0.052217185499999985
18.78762699746814	0.05225890870000005
18.855944564020778	0.05227708819999999
18.924762979327788	0.05340188739999996
18.994083362596456	0.05631142850000004
19.06391566344089	0.059421420099999955
19.134261106724434	0.06341660019999995
19.205129869026184	0.0681446791
19.27652327838127	0.0710682869
19.348451753298185	0.07328391079999996
19.420916722409164	0.07560527319999999
19.493928850371514	0.07838922739999998
19.5674908542668	0.08096516129999998
19.64161014613299	0.08115380999999999
19.716293082867814	0.08082300419999999
19.79154611842088	0.08137840029999999
19.867375809600034	0.0824201107
19.943788802215426	0.08277517560000003
20.02079185661755	0.083114028
20.098391833990757	0.08269780869999999
20.176595702308283	0.08217793699999998
20.25541053841795	0.08119350670000003
20.334843530176975	0.07989782089999997
20.414901982804867	0.07882249360000004
20.49559330448277	0.07672250270000003
20.57692503355122	0.07286077739999997
20.658904824282722	0.07064467669999996
20.741540453418157	0.0686103106
20.824839822625986	0.0667826533
20.908810965392735	0.06318032740000001
20.993462032151218	0.05904263259999998
21.078801319048065	0.05766880510000005
21.164837253269667	0.056948900199999986
21.25157840015303	0.055098176
21.339034854859232	0.05302882190000002
21.42721270605601	0.052729010600000015
21.51612231920014	0.05299502609999995
21.605772845928165	0.05317550900000001
21.696173586412378	0.05006140469999998
21.787333997130506	0.04505199189999998
21.87926369416332	0.04063272480000002
21.971972456576033	0.04038214679999996
22.065470234754912	0.04003989699999999
22.159767134530263	0.03893160819999997
22.25487344991321	0.03805786369999997
22.350799647486944	0.03665047880000005
22.447556375074235	0.03574895860000005
22.545154465677417	0.03510445360000003
22.643604941521605	0.03330498930000003
22.74291902337673	0.03440016509999999
22.843108114172892	0.03318482639999998
22.944183834270774	0.03252148629999996
23.0461580053968	0.03418296580000002
23.14904266037971	0.031107068099999968
23.252850047883758	0.03061598539999999
23.357592637269914	0.030485391599999967
23.46328312909424	0.027592778199999946
23.56993443826634	0.026299834300000047
23.677559732200955	0.025672852999999995
23.786172414360937	0.02325278519999996
23.89578613527763	0.021046042399999965
24.006414798270047	0.024891436099999997
24.11807256532367	0.027495086199999963
24.230773869005326	0.028077900400000022
24.34453339524713	0.02727091309999996
24.459366124798997	0.02713197469999995
24.575287316479084	0.026925921400000052
24.69231437936631	0.026915431000000045
24.81045945912533	0.028933167499999968
24.929740555818583	0.029054403299999976
25.050174121004794	0.027517974400000034
25.171776944455978	0.030184209299999987
25.294566137273844	0.032788097900000035
25.418559146072006	0.034712314600000016
25.543773761239827	0.040528476199999997
25.67022813204131	0.04442650079999999
25.79794074908574	0.044149994900000045
25.92693049269531	0.04585105180000004
26.057216616040296	0.048528015599999974
26.188818761244036	0.046101987400000044
26.321756969254825	0.044712007
26.456051690020043	0.04525595900000001
26.59172380004449	0.04360675810000003
26.728794584990194	0.04151308539999998
26.867285793033112	0.042984127999999955
27.007219618291284	0.042419671999999964
27.148618719681185	0.04136687520000004
27.291506233149274	0.039287924799999985
27.435905784291823	0.03551578519999998
27.581841508985118	0.034484446
27.729338036477152	0.03486782310000003
27.878420548663687	0.028530836099999957
28.029114764224058	0.02357071639999997
28.181446960939503	0.020460963200000015
28.335443990969193	0.01764279599999996
28.491133296629837	0.017497181900000047
28.64854293490579	0.02491259570000004
28.807701561557042	0.031844735099999966
28.96864105700694	0.03073787689999996
29.131386302599395	0.03202193980000001
29.295970478328677	0.034271061400000025
29.462424929608698	0.034496545799999945
29.63078172710012	0.03718006610000002
29.801073652280394	0.03619945049999995
29.97333427112303	0.03644418719999998
30.147597921323726	0.04036283490000003
30.323899743799494	0.04003274440000004
30.502275706312837	0.03795945639999998
30.682762627934633	0.0422551632
30.865398213907437	0.04518377780000005
31.05022104389987	0.05095398429999998
31.237270656021316	0.04320502280000005
31.426587537238692	0.037905991100000036
31.618213162006377	0.04055905339999999
31.81219002255725	0.044505298100000035
32.00856166031564	0.0510566831
32.207372708854066	0.0525528193
32.40866888633619	0.04654246569999998
32.61249709244913	0.043403804300000015
32.81890540370961	0.03487610819999998
33.02794312151433	0.021699070900000006
33.239660811399034	0.03880465030000002
33.45411034381715	0.04349100589999999
33.6713449478449	0.04500126839999996
33.89141921000854	0.0493250489
34.114389187633755	0.04605495930000003
34.340312411521005	0.037357687999999944
34.569247946626255	0.03191292290000003
34.801256443542684	0.036893248599999984
35.03640019206955	0.04365736249999996
35.27474318941062	0.03158241510000004
35.516354995924125	0.0179774761
35.76129553375124	0.015112996100000053
36.00963802570992	0.01643931870000004
36.261453841514104	0.025128424200000055
36.51681637462833	0.03811180589999996
36.775801060409776	0.04108488560000001
37.03848552989837	0.036122441299999974
37.30494963459496	0.038204073900000024
37.57527554053825	0.04010248179999998
37.84954781277701	0.04891526700000004
38.12785350356905	0.053648173799999976
38.41028225925361	0.05201798680000003
38.696926357702075	0.05022567509999998
38.98788089676635	0.04279094930000005
39.28324384107561	0.040279388400000005
39.583116146547574	0.04911613459999997
39.887601875438136	0.04856038090000003
40.19680831674215	0.041049897700000004
40.51084612864931	0.03766173120000005
40.829829405157916	0.0422570109
41.15387591205554	0.04096746439999999
41.48310716696292	0.05625319480000002
41.817648607426996	0.06710475680000005
42.15762975026765	0.052668929099999984
42.50318712273799	0.051155328799999955
42.85445342796495	0.05646705630000004
43.211574176585934	0.051401019099999945
43.57469695973732	0.025403857200000046
43.94397439095988	0.01307064290000004
