5.169882255967809	0.006292999999999993
5.175019187742081	0.006186000000000025
5.180192869085947	0.0062189999999999745
5.185377236193933	0.006905999999999968
5.190571990787196	0.006843999999999961
5.19577683206384	0.007487000000000021
5.20099245483651	0.006237000000000048
5.2062182285424	0.004264999999999963
5.2114276592202735	0.002686999999999995
5.216674431669169	0.0040959999999999885
5.221932114882507	0.005888000000000004
5.227200406816698	0.006425000000000014
5.232479002853174	0.006279999999999952
5.237768608101244	0.006993999999999945
5.2430410663933635	0.006066000000000016
5.248352058784314	0.0050440000000000484
5.2536734822408135	0.007276999999999978
5.259006047856955	0.009454999999999991
5.264349449756982	0.009213000000000027
5.2697033794368	0.007214000000000054
5.275068552535817	0.00696399999999997
5.280416410512126	0.007330999999999976
5.28580343116671	0.007108000000000003
5.291201110239607	0.006160999999999972
5.296610169491525	0.007229000000000041
5.30203029914565	0.008592999999999962
5.307461186742006	0.00691799999999998
5.312903558690708	0.007315999999999989
5.318328445391503	0.010337999999999958
5.323793138619273	0.010105999999999948
5.32926872423671	0.006661999999999946
5.334755934915978	0.006112000000000006
5.3402544569088155	0.007673000000000041
5.345763973727463	0.0068989999999999885
5.351285222800822	0.006593999999999989
5.356788814534702	0.008129000000000053
5.362332872405967	0.007480000000000042
5.3678880634989214	0.007695000000000007
5.373455131649651	0.007515999999999967
5.379033759066535	0.008579000000000003
5.384623625160541	0.008082999999999951
5.390225478635191	0.007902999999999993
5.395809500706004	0.007720999999999978
5.401434664798591	0.007750999999999952
5.407071210058318	0.007770999999999972
5.412719891745602	0.007325000000000026
5.4183803879519825	0.006136999999999948
5.424052373912051	0.005116000000000009
5.4297070985065625	0.004954000000000014
5.435402838377907	0.004430999999999963
5.441110901601136	0.006456000000000017
5.446830601314401	0.008367000000000013
5.452562704471101	0.006133000000000055
5.458306884970864	0.006160999999999972
5.4640628137951515	0.006108000000000002
5.469801314187701	0.0044319999999999915
5.4755815267303225	0.003526000000000029
5.4813743352302255	0.003354999999999997
5.487179043196354	0.004152999999999962
5.492996429552321	0.005634000000000028
5.498826163929138	0.006133999999999973
5.504667912976694	0.0048880000000000035
5.510492064783697	0.005006999999999984
5.516358643230608	0.005873000000000017
5.522238098380643	0.004386000000000001
5.528129723914687	0.005758000000000041
5.534034311012729	0.006669999999999954
5.5399515249588	0.006530000000000036
5.545850243684438	0.006453000000000042
5.551792763239354	0.005242999999999998
5.557747657824943	0.005884
5.563715718306703	0.007272999999999974
5.569696228333271	0.006716000000000055
5.575689991636465	0.005483000000000016
5.581665482754485	0.004909000000000052
5.58768466789348	0.00499000000000005
5.59371722765187	0.005481999999999987
5.5997624477734025	0.005248999999999948
5.6058211317521085	0.005302999999999947
5.611892552994676	0.006184999999999996
5.617977528089888	0.007063999999999959
5.6240440517063	0.007673000000000041
5.630155034696551	0.006411999999999973
5.636279696684803	0.0043680000000000385
5.64241731316304	0.0038359999999999506
5.648568700562897	0.004368999999999956
5.654733121833724	0.00394300000000003
5.660911406736485	0.00437299999999996
5.667071059034516	0.0049080000000000235
5.673275955998852	0.0041560000000000485
5.679494845691166	0.0030679999999999596
5.685726993135421	0.0042480000000000295
5.691973228020217	0.0043279999999999985
5.698232802616303	0.0032210000000000294
5.704473986432057	0.0032090000000000174
5.710761502200645	0.0013330000000000286
5.717062494806335	0.0008230000000000182
5.723377803583954	0.0020759999999999668
5.729706682867283	0.002994000000000052
5.736049975931964	0.002919000000000005
5.742406924142817	0.0030489999999999684
5.7487453032822735	0.0028759999999999897
5.755130844752907	0.0021139999999999493
5.7615301827691505	0.001310999999999951
5.767944170494879	0.0005479999999999929
5.774372051345423	0.0023339999999999472
5.780814682524724	0.003326999999999969
5.787271294258072	0.0031569999999999654
5.793709156993823	0.00349900000000003
5.800195034574139	0.002862000000000031
5.806695038550253	0.002713999999999994
5.813210036264601	0.0027249999999999774
5.819739259979497	0.0018080000000000318
5.826283581180086	0.0036920000000000286
5.832842218712062	0.004550999999999972
5.839381925714992	0.0039719999999999756
5.845970522993782	0.004402000000000017
5.852573587064779	0.003974999999999951
5.859191999810495	0.0029130000000000544
5.865824982099159	0.0022889999999999855
5.87247342006219	0.00290199999999996
5.879102347447316	0.0019500000000000073
5.885780508144269	0.002790999999999988
5.89247428481207	0.0027449999999999974
5.89918287963874	0.001947000000000032
5.9059071894209305	0.0044239999999999835
5.912646423384984	0.004807000000000006
5.919366408540954	0.00466500000000003
5.926136840208881	0.005272000000000054
5.932922344376941	0.003610000000000002
5.939723839287619	0.0021139999999999493
5.946540515138719	0.004075000000000051
5.953373284028187	0.005425000000000013
5.960221343285732	0.0045960000000000445
5.967049967977975	0.0024220000000000352
5.973929981039863	0.0034359999999999946
5.980825437761584	0.004585999999999979
5.987737272142915	0.00342600000000004
5.994664662127535	0.003450999999999982
6.001608535515507	0.0044119999999999715
6.008568077477991	0.004546999999999968
6.015507997664503	0.00326700000000002
6.022500274220999	0.0030810000000000004
6.029508377824021	0.0042640000000000455
6.036533258645802	0.0048639999999999795
6.043574082104507	0.002346999999999988
6.050631792117432	-0.00045000000000006146
6.057668829158122	0.0020620000000000083
6.064759520352603	0.0042759999999999465
6.071866830752876	0.00253099999999995
6.078990364320032	0.001782999999999979
6.0861310878288135	0.0042159999999999975
6.093288153892749	0.004488999999999965
6.100462522976423	0.004237999999999964
6.107616014613581	0.0036599999999999966
6.11482418692658	0.0024980000000000002
6.122049393427927	0.004136999999999946
6.129291232482233	0.00543400000000005
6.136550687912364	0.004673999999999956
6.1438268992401035	0.0037970000000000503
6.151120843923003	0.0038610000000000033
6.158393705036771	0.004302999999999946
6.165722302544971	0.003982000000000041
6.173068363156063	0.004101000000000021
6.180431479530834	0.0025500000000000522
6.187812653002176	0.0025260000000000282
6.195211009704758	0.004762000000000044
6.202627544551115	0.005535999999999985
6.210022788119533	0.005062000000000011
6.217474854099103	0.0047840000000000105
6.224944826617704	0.004631000000000052
6.23243229252275	0.003931000000000018
6.239938271136095	0.004070000000000018
6.2474618749013935	0.00527500000000003
6.255004116665282	0.005869000000000013
6.262524857926029	0.005488000000000048
6.270103539066205	0.004305000000000003
6.277700585322946	0.003835000000000033
6.285315577618522	0.0039879999999999916
6.292949553760528	0.004641000000000006
6.300601612188868	0.005465000000000053
6.308232954312408	0.0061069999999999736
6.315922245007144	0.005781999999999954
6.323630795840413	0.005531999999999981
6.331358186161002	0.004820999999999964
6.3391039908520135	0.0028439999999999577
6.346869266722253	0.001595000000000013
6.354653097886014	0.0036000000000000476
6.362416017540112	0.0040799999999999725
6.3702380480687575	0.0024880000000000457
6.37807983563076	0.0021799999999999597
6.385940953529839	0.0026800000000000157
6.393820970493661	0.0028890000000000304
6.401720962867281	0.001978999999999953
6.409640000108092	-0.0023400000000000087
6.41753792979904	-0.0033799999999999386
6.42549616728824	0.00022699999999997722
6.433474676021393	0.0006730000000000347
6.44147302314222	0.0006019999999999914
6.449490771104406	0.0006720000000000059
6.45752901634483	0.0011900000000000244
6.465544967977106	0.0012419999999999654
6.473623305996819	0.0008369999999999767
6.481721339380123	0.001515000000000044
6.489840176295989	0.0006880000000000219
6.497979377611072	0.0008550000000000502
6.506138499384269	0.0019500000000000073
6.514276180214443	0.001534999999999953
6.522476309214828	0.0008080000000000309
6.530697629104675	0.0015929999999999556
6.538939174519048	0.0024969999999999715
6.547202074635491	0.002047000000000021
6.55548588392442	0.0015410000000000146
6.563790151926866	0.0018169999999999575
6.572072781400032	0.0005309999999999482
6.580419157091552	0.0011929999999999996
6.588787288763974	0.002222999999999975
6.597176195235761	0.001546999999999965
6.605587027306132	0.0017779999999999463
6.614019332927986	0.0025849999999999485
6.622472654999155	0.0029000000000000137
6.630904140635334	0.0006559999999999899
6.639400710588766	-0.0005699999999999594
6.647919621971635	0.0013739999999999863
6.656459877410282	0.0019609999999999905
6.665022649963085	0.0011820000000000164
6.673607480942073	0.00023300000000003873
6.682169210138599	0.00011200000000000099
6.690798297517809	0.0016760000000000108
6.699449152666199	0.0028610000000000024
6.708122955976239	0.002654000000000045
6.716818693495355	0.0025519999999999987
6.7255375612042	0.0025089999999999835
6.734279093648542	0.002546999999999966
6.742997306266979	0.002627000000000046
6.751784313958414	0.0022780000000000022
6.760593695164697	0.0019900000000000473
6.769426653526216	0.002031000000000005
6.778282158113044	0.0016300000000000203
6.787161428518163	0.0005309999999999482
6.796063992393693	0.00010799999999999699
6.804943018061095	0.0010160000000000169
6.813892321201656	0.0017220000000000013
6.82286462619066	0.0006389999999999452
6.831861160621989	0.00020200000000003548
6.840880876177889	0.0014680000000000248
6.849925016782059	0.0013020000000000254
6.858993103063632	-0.00034000000000000696
6.86803743261717	-0.0009099999999999664
6.8771535694649035	0.0003530000000000477
6.8862933601435286	0.0006049999999999667
6.895458056935218	0.0009209999999999496
6.904646593711467	0.0013300000000000534
6.913860239474893	0.0023300000000000542
6.9230985077004314	0.0018569999999999975
6.93231280076099	0.0013279999999999959
6.941600480368749	0.001686999999999994
6.950912490559948	0.0004009999999999847
6.960250109070599	-0.0012600000000000389
6.969612251525648	-0.0010399999999999299
6.979000212786227	-0.0005299999999999194
6.9883646126208925	5.3999999999998494e-05
6.997802592016871	0.0005990000000000162
7.007266702343277	0.0005730000000000457
7.016755845961367	6.399999999995298e-05
7.026271326858923	0.00031000000000003247
7.035812041965251	0.0003130000000000077
7.045329626156034	-0.0010699999999999044
7.054922816107247	-0.0013099999999999223
7.064541552722088	-0.00015999999999993797
7.074187169209151	0.0009449999999999736
7.083858548906117	0.0009139999999999704
7.093557022884624	0.0008960000000000079
7.103281468915477	0.0009970000000000256
7.1129825905732265	-0.00011999999999989797
7.122761030674376	-0.00021000000000004349
7.1325657674988125	0.0007040000000000379
7.142398162147817	0.0008299999999999974
7.152257078462593	0.0007129999999999637
7.162143875466705	4.4000000000044004e-05
7.172057411295408	-0.0010099999999999554
7.181947431082221	-9.999999999998899e-05
7.1919165395403715	6.899999999998574e-05
7.201912724312034	-0.0009600000000000719
7.21193737529181	-0.0009699999999999154
7.22198933633698	6.999999999979245e-06
7.232069995329095	0.0003849999999999687
7.24212568906264	-1.999999999990898e-05
7.252262679666604	4.499999999996174e-05
7.262428088063456	0.0006279999999999619
7.272621383359931	-9.999999999998899e-05
7.282843985184289	-0.00034000000000000696
7.293094716907421	0.00028600000000000847
7.303374996215026	0.0006580000000000474
7.313630097414504	0.0004189999999999472
7.32396839222792	0.00014199999999997548
7.334335956127809	-0.000520000000000076
7.344732250062691	-0.0002500000000000835
7.355158724376758	0.00030799999999997496
7.365614181436529	-5.999999999994898e-05
7.376100069720373	-0.00039999999999995595
7.386560569203158	0.0003309999999999702
7.397106224675614	0.0006800000000000139
7.407682034872713	0.001310999999999951
7.418287452437094	0.0016500000000000403
7.428923959455471	0.0006639999999999979
7.4395903367559875	0.00011799999999995148
7.45028806464299	0.0004969999999999697
7.460960195628884	0.00025399999999997647
7.471719513621992	0.00024299999999999322
7.48250990807212	-0.00011999999999989797
7.493330823167419	-0.00018999999999991246
7.504183773810586	0.0003349999999999742
7.515067518740854	0.0005669999999999842
7.525983571169215	0.0007049999999999557
7.536873821665834	0.0007530000000000037
7.547853362010698	0.0007859999999999534
7.55886493849683	0.0006220000000000114
7.5699079867086345	0.000492000000000048
7.580984055487843	0.0009280000000000399
7.592091880917183	0.0013039999999999718
7.60317514372415	0.0014089999999999936
7.614348136200486	0.0013619999999999743
7.625554730034183	0.0012469999999999981
7.636794359618865	0.0015929999999999556
7.6480664517855725	0.0026439999999999797
7.659372590490635	0.003043000000000018
7.670711488575096	0.003082999999999947
7.682025655522805	0.003990999999999967
7.693431767787235	0.0043520000000000225
7.704872531725304	0.004909000000000052
7.716347373047587	0.005661000000000027
7.727855709682142	0.006677999999999962
7.739399161931113	0.007913999999999977
7.750976418790539	0.008875999999999995
7.762528781613121	0.009603000000000028
7.774175386433794	0.01044999999999996
7.785857737640505	0.011819000000000024
7.797575252119916	0.013325000000000031
7.809327338747894	0.014459
7.821115655462605	0.015634999999999954
7.832877450988425	0.017124999999999946
7.84473702750943	0.01929000000000003
7.856631811864084	0.02129599999999998
7.868563484087548	0.02356899999999995
7.880531452102952	0.025845000000000007
7.892535115585625	0.028349999999999986
7.904513627150681	0.031808999999999976
7.916590523579579	0.03545799999999999
7.928705146750064	0.039058999999999955
7.9408561287447	0.043910000000000005
7.9530451893896625	0.049270000000000036
7.965271727506722	0.053795999999999955
7.977535133423717	0.058804999999999996
7.989773243651772	0.06430800000000003
8.002112275966503	0.07004100000000002
8.014490262510542	0.07599199999999995
8.026905809403166	0.08249799999999996
8.039360677720678	0.08915200000000001
8.051854257048076	0.09668299999999996
8.06438592822074	0.10497100000000004
8.076892168520647	0.11329100000000003
8.089501964990182	0.12206700000000004
8.102151997197886	0.13177700000000003
8.114840844612468	0.14210100000000003
8.12757031109263	0.15316300000000005
8.140339776854287	0.164458
8.153082079982243	0.17553700000000005
8.165931892848576	0.18552999999999997
8.178821464607667	0.19455299999999998
8.191752610643976	0.201766
8.204723883067329	0.20710700000000004
8.217737130128949	0.21133999999999997
8.230791722547261	0.214673
8.243818999471776	0.21730499999999997
8.256956649464916	0.21969700000000003
8.270135411988424	0.22172199999999997
8.283357147570964	0.22321100000000005
8.296620380233632	0.22454200000000002
8.309927004313156	0.22583299999999995
8.323276380906856	0.22718899999999997
8.336598299532858	0.22894800000000004
8.350033567468943	0.23103399999999996
8.363511363507907	0.23299000000000003
8.377033595062858	0.23476699999999995
8.390598757314232	0.236796
8.40420879246559	0.239456
8.417863051875322	0.24222999999999995
8.431489722424221	0.24449900000000002
8.445232837332648	0.246946
8.459019961429508	0.24927900000000003
8.472853050844346	0.250953
8.48673057114248	0.252061
8.500654514269817	0.25194799999999995
8.514624221734929	0.25073900000000005
8.528566222332545	0.24868599999999996
8.542627887427875	0.24462899999999999
8.556735112139146	0.23823000000000005
8.57088990324228	0.22843599999999997
8.585090695890017	0.213059
8.59933953374665	0.19246700000000005
8.61356148009311	0.17167200000000005
8.62790415242986	0.16190000000000004
8.642295572910806	0.16960399999999998
8.656734176877599	0.188701
8.671222023787086	0.208685
8.685757517558526	0.22311599999999998
8.700342755658083	0.23257499999999998
8.714901033483642	0.239205
8.729583465157681	0.24372099999999997
8.744316377984953	0.24719199999999997
8.759098176005045	0.25006700000000004
8.773930973502123	0.25229500000000005
8.78881314231728	0.25431000000000004
8.803746835916881	0.256787
8.818653518578687	0.25919899999999996
8.833687926842089	0.261166
8.84877463266135	0.26285499999999995
8.863912007931315	0.263703
8.879102224029534	0.264084
8.894343619850154	0.26476599999999995
8.909558946851465	0.265069
8.924906152893758	0.264683
8.940305347850433	0.264269
8.955758745242889	0.263945
8.97126468395521	0.26344999999999996
8.986825394852575	0.2629
9.002359055587213	0.26214800000000005
9.018026914057838	0.261381
9.03375040861121	0.26050799999999996
9.049527829618828	0.25952299999999995
9.06536145187986	0.258706
9.081249580378161	0.257456
9.097194507998204	0.256559
9.11311239393073	0.255945
9.129168481602418	0.25502800000000003
9.14528227522361	0.253941
9.161452030010986	0.252931
9.177680084677242	0.251962
9.193964709393063	0.25096799999999997
9.210308261741377	0.249745
9.226624806921572	0.248413
9.243083734347987	0.24741400000000002
9.259602541876086	0.245826
9.276179448615341	0.243074
9.292816859982906	0.23933000000000004
9.309513010400055	0.23413799999999996
9.326270324985733	0.22672099999999995
9.343000695606955	0.21695600000000004
9.359877815780598	0.20482
9.376817101153224	0.190824
9.393816733750402	0.17613999999999996
9.410879188651515	0.16184299999999996
9.428002663569144	0.14899600000000002
9.445100354191263	0.13809899999999997
9.462349795581924	0.12885199999999997
9.479661251699307	0.120784
9.497037276235046	0.11348899999999995
9.514476013130164	0.10760000000000003
9.53198001026358	0.102962
9.549547427657318	0.09806499999999996
9.567089213106913	0.09336299999999997
9.584787522120275	0.08989899999999995
9.602550299082713	0.08700399999999997
9.620380173546675	0.08449200000000001
9.638275250344586	0.08222399999999996
9.656238153485628	0.07981899999999997
9.674267004297553	0.07683600000000002
9.692270414344561	0.07404599999999995
9.710435342451602	0.07211400000000001
9.728667322446945	0.07061200000000001
9.746969063249828	0.06860900000000003
9.765338629537396	0.06674999999999998
9.783778724988444	0.06506500000000004
9.802191837337865	0.06301999999999996
9.820770930518046	0.06152100000000005
9.8394205871419	0.06009299999999995
9.858141200256195	0.058807000000000054
9.876933195096568	0.05799600000000005
9.89579697091812	0.056728
9.914635140162726	0.055154999999999954
9.933643332077228	0.05386999999999997
9.952724558347848	0.05311699999999997
9.971879230766085	0.05220899999999995
9.991107764223225	0.05143600000000004
10.010391036155305	0.050651
10.029748263438604	0.04975700000000005
10.049190990884199	0.048741000000000034
10.068698711168908	0.048216999999999954
10.088292880526469	0.04796199999999995
10.107952865851624	0.046992000000000034
10.127700263775244	0.04578300000000002
10.147514283217445	0.045155999999999974
10.167416714116898	0.044332999999999956
10.18738660585514	0.043181000000000025
10.207445902664968	0.042596999999999996
10.22757350277608	0.04192700000000005
10.247791527397942	0.041173000000000015
10.268078700950124	0.04088599999999998
10.288457344826968	0.04013100000000003
10.308906666605308	0.03998199999999996
10.329447203167785	0.04009099999999999
10.350059944804434	0.03926200000000002
10.370764980282486	0.03852999999999995
10.391543119462934	0.03780399999999995
10.412414616156711	0.03700400000000004
10.433360162475546	0.03673700000000002
10.454400813633397	0.03641000000000005
10.475515109754669	0.035726000000000036
10.49672630251906	0.03533399999999998
10.51801209571391	0.034936999999999996
10.539395912011154	0.03463799999999995
10.560855289030252	0.034406999999999965
10.582413844767158	0.03375600000000001
10.604048926398844	0.03323799999999999
10.62578437215845	0.03280899999999998
10.647597347937339	0.03273899999999996
10.669511869831956	0.03239599999999998
10.691504931433663	0.03223799999999999
10.713600751700513	0.032043000000000044
10.735776126997843	0.03143099999999999
10.758055504747949	0.030797999999999992
10.780416202352793	0.030329999999999968
10.802880725558113	0.03003599999999995
10.825428334026	0.030186000000000046
10.848081052730677	0.029681999999999986
10.870817937365308	0.028988000000000014
10.893661202628802	0.028850000000000042
10.91658976866182	0.02858000000000005
10.939626736938278	0.02828200000000003
10.96274866445136	0.02816200000000002
10.985981067505078	0.027892999999999946
11.009299579575327	0.02735399999999999
11.032729915013933	0.026917999999999997
11.056247517133047	0.026715999999999962
11.079878325252503	0.026522000000000046
11.10359756572233	0.026297000000000015
11.12743143042242	0.026334999999999997
11.151354938579486	0.025845000000000007
11.175394488463963	0.025309000000000026
11.199524889275336	0.024919000000000024
11.223772811003654	0.024221999999999966
11.248112812722493	0.024065000000000003
11.272571801826894	0.024121999999999977
11.297124160015043	0.02378800000000003
11.32179699734033	0.023482000000000003
11.346565262791131	0.02333799999999997
11.371453979805343	0.022923000000000027
11.396440239836716	0.02268300000000001
11.421548481575087	0.022262000000000004
11.446755613719318	0.022017999999999982
11.47208629743841	0.021579000000000015
11.497517230153452	0.02126499999999998
11.523074134936177	0.02098500000000003
11.5487310787842	0.020557000000000047
11.57451642422723	0.02024300000000001
11.60040321655934	0.02009799999999995
11.626420079287882	0.019997000000000043
11.652539809075723	0.019737000000000005
11.67879132115055	0.01934199999999997
11.705147174129557	0.018843999999999972
11.731636524486913	0.018106999999999984
11.758231689319091	0.017549000000000037
11.784962138705513	0.01720200000000005
11.811799903767612	0.016839999999999966
11.838774730760898	0.01690400000000003
11.865858444760825	0.016753000000000018
11.893081030277438	0.016252000000000044
11.92041492799617	0.015298999999999952
11.947887834347332	0.01441300000000001
11.97547454428583	0.013805999999999985
12.003202123038047	0.013488999999999973
12.031045154349604	0.012735000000000052
12.059030963187556	0.012263000000000024
12.08713389033884	0.011919000000000013
12.11538244882805	0.011627999999999972
12.143748061994428	0.011099999999999999
12.172262175657627	0.010153999999999996
12.20089505766143	0.008661999999999948
12.229678503655492	0.007550999999999974
12.258582464964466	0.00661299999999998
12.28763904712313	0.006183999999999967
12.316817970769506	0.007449999999999957
12.346151610835612	0.011839999999999962
12.375609408421417	0.02096500000000001
12.405224087967925	0.03398000000000001
12.434964807638226	0.046194999999999986
12.4648645850455	0.054369
12.494892306685642	0.058786000000000005
12.525081318777335	0.059668000000000054
12.555401162763989	0.05663399999999996
12.585882665118449	0.05193099999999995
12.616497966593975	0.04775799999999997
12.647277211132613	0.045852000000000004
12.678192293796375	0.047991000000000006
12.709273664425451	0.05381400000000003
12.740492936831883	0.060741000000000045
12.77188189890363	0.06572
12.803408910695289	0.067944
12.835109038153153	0.066855
12.866949343764869	0.06284100000000004
12.898965303177713	0.05729700000000004
12.931123612757625	0.05179800000000001
12.963460114058977	0.04755600000000004
12.995941232395335	0.04397399999999996
13.028603130810854	0.04061999999999999
13.061411908795076	0.038188
13.094404140697813	0.036726999999999954
13.127545596005858	0.035448000000000035
13.160873198299326	0.03398000000000001
13.194352399176069	0.03276000000000001
13.228020511601418	0.031610999999999945
13.261842629856282	0.030784000000000034
13.29585649762936	0.02979299999999996
13.33002794850974	0.028568000000000038
13.364391841408173	0.027662999999999993
13.398916940621705	0.027553999999999967
13.43363739601384	0.026988000000000012
13.46852164395132	0.026271000000000044
13.503604240255964	0.025004000000000026
13.538853307052433	0.024541000000000035
13.574304863852342	0.024506999999999945
13.609923341344624	0.024518999999999957
13.645748580583902	0.024136999999999964
13.681743473217654	0.023522000000000043
13.717948296737356	0.022955999999999976
13.754325621934912	0.022649999999999948
13.790916113870436	0.022502000000000022
13.827681960637866	0.021850000000000036
13.864664316317679	0.021486000000000005
13.901824981119896	0.02144199999999996
13.9392055294888	0.02068700000000001
13.976767386765284	0.020001000000000047
14.014552593691048	0.01974699999999996
14.052522155951214	0.019625000000000004
14.090718627946371	0.018899
14.129103827171265	0.017866999999999966
14.167717097812234	0.017305000000000015
14.206523511147173	0.016549000000000036
14.245561704791555	0.01587700000000003
14.284796324295634	0.016306000000000043
14.324266452739286	0.017568999999999946
14.363936425745973	0.019943999999999962
14.403846984061735	0.02331099999999997
14.44395828969633	0.02471699999999999
14.484315396906352	0.023943999999999965
14.524876777517925	0.023174999999999946
14.565687970368579	0.023056999999999994
14.60670702242739	0.02266199999999996
14.64798000810877	0.02154800000000001
14.689464500125382	0.020738999999999952
14.731207161115568	0.020079999999999987
14.773165104014199	0.01940799999999998
14.815385503464407	0.019544000000000006
14.857825004510353	0.01937500000000003
14.900531413148341	0.018160999999999983
14.943460833142831	0.016650000000000054
14.986661646334838	0.016382000000000008
15.030090918372675	0.01763999999999999
15.073793416510174	0.018430999999999975
15.117729865566375	0.017836999999999992
15.161944248921486	0.017251000000000016
15.206396857935063	0.016681999999999975
15.251132173134769	0.01599499999999998
15.29611006796909	0.015835000000000043
15.341377011624639	0.015688999999999953
15.386888099004013	0.01549900000000004
15.432670036197775	0.014826000000000006
15.478750069942667	0.013789999999999969
15.525081087537334	0.013824999999999976
15.571715487404925	0.01424700000000001
15.618630868756386	0.014596000000000053
15.665804328890355	0.01441199999999998
15.713289240335248	0.01382300000000003
15.761037131596023	0.013163000000000036
15.809077589425653	0.012441000000000035
15.857434835786329	0.01205999999999996
15.90609039142951	0.011772000000000005
15.95501899776876	0.012167000000000039
16.004276137729267	0.012580000000000036
16.053811631692575	0.012472999999999956
16.10368160871296	0.01275599999999999
16.153836891484602	0.012371000000000021
16.204329622192375	0.011587000000000014
16.255114820206103	0.011109000000000036
16.30621772388029	0.01094700000000004
16.357670703286143	0.010426999999999964
16.409447779598157	0.010102000000000055
16.461528855603238	0.009792000000000023
16.513968222772057	0.009278000000000008
16.566714295141928	0.00866699999999998
16.619798364384817	0.00820299999999996
16.673252601444236	0.00828899999999999
16.727022727015814	0.008225000000000038
16.781170015594707	0.007306999999999952
16.835669004619184	0.006855999999999973
16.89049354733235	0.007129000000000052
16.945706101688693	0.007569000000000048
17.001250800722786	0.00690500000000005
17.05716263034186	0.00565899999999997
17.11347022427829	0.005237000000000047
17.170123829319067	0.006141999999999981
17.227180935136413	0.005823000000000023
17.284620334438703	0.005098000000000047
17.342414663336246	0.004421000000000008
17.400624515722132	0.0034769999999999524
17.459198555708053	0.003485999999999989
17.518166369181632	0.003935000000000022
17.577565957873936	0.0038679999999999826
17.63733741364433	0.003713999999999995
17.6975492653227	0.0035119999999999596
17.758173638043797	0.004190999999999945
17.81918185853044	0.005556000000000005
17.880643866322185	0.007483000000000017
17.942497914978574	0.011346999999999996
18.004781421773494	0.018044999999999978
18.067532693615963	0.028298999999999963
18.130688815236994	0.043394000000000044
18.194322345632266	0.059501000000000026
18.25840412020754	0.07072
18.322904043235532	0.077295
18.38786338497856	0.08014100000000002
18.453316118111704	0.07969700000000002
18.519205100900223	0.079121
18.585597899381384	0.07747700000000002
18.65243658849576	0.07384299999999999
18.719791988666586	0.06852999999999998
18.78759899953856	0.062562
18.85593588868662	0.05690600000000001
18.92473454610766	0.051846999999999976
18.994074570508836	0.04710599999999998
19.063886825085454	0.04366300000000001
19.134252162418285	0.04170200000000002
19.20510061660722	0.03955200000000003
19.27651421544324	0.03804099999999999
19.34842203644181	0.03824099999999997
19.42090749678627	0.04164100000000004
19.49389870016594	0.051011999999999946
19.56748033637485	0.066442
19.641580710182716	0.09478500000000001
19.716282419948982	0.13798600000000005
19.791516247019956	0.18050600000000006
19.867364955008874	0.20898000000000005
19.943758441644494	0.22540400000000005
20.020782052269023	0.23506099999999996
20.09836101704693	0.241711
20.176585761052937	0.24616000000000005
20.25537925448999	0.24816099999999996
20.33483344890907	0.24815200000000004
20.414871467081195	0.24605600000000005
20.495583033792435	0.24289300000000003
20.57689400612465	0.239792
20.65889440633557	0.236545
20.74150894477573	0.23297999999999996
20.8248292539971	0.22864300000000004
20.90877895961282	0.224055
20.99345262707437	0.22007200000000005
21.078768764074916	0.21477000000000002
21.16482766713682	0.208086
21.25154668225465	0.20205399999999996
21.33902373966391	0.196349
21.427179075169995	0.19089900000000004
21.51611103264305	0.18586999999999998
21.605738670864564	0.18009799999999998
21.69616208192518	0.17430500000000004
21.787299216801934	0.16920000000000002
21.87925344994147	0.16363899999999998
21.971937103563498	0.15752699999999997
22.065459830027866	0.15129000000000004
22.159731189342114	0.142953
22.254862885608787	0.13021000000000005
22.35076459853544	0.114873
22.44754559681269	0.10141999999999995
22.54511877403215	0.09151600000000004
22.64359399468066	0.08296199999999998
22.742882718333416	0.07616199999999995
22.84309698924053	0.07118199999999997
22.94414690487485	0.06638299999999997
23.0461482964286	0.06312300000000004
23.149005036434115	0.060521999999999965
23.252840131541035	0.056288000000000005
23.357554354185183	0.05324499999999999
23.463273048973825	0.05228299999999997
23.56989713924828	0.05000899999999997
23.677549489553112	0.04651899999999998
23.786134450449453	0.042564999999999964
23.895775668694665	0.03900999999999999
24.00637609349043	0.03841300000000003
24.118061926375113	0.03659699999999999
24.230734455005532	0.03210000000000002
24.344524351315254	0.02830100000000002
24.459325987561797	0.02451700000000001
24.575278124443475	0.01834899999999995
24.692273467866965	0.01739500000000005
24.81044817593585	0.03138399999999997
24.92969881027325	0.05918599999999996
25.05016263755467	0.08337499999999998
25.17173440972771	0.09541200000000005
25.294554454255948	0.09546699999999997
25.418515799085657	0.08423199999999997
25.543763830431452	0.06915800000000005
25.67018387632288	0.058807000000000054
25.797930573078762	0.06207600000000002
25.92688537432558	0.07706400000000002
26.057206261621708	0.09636999999999996
26.188774811778853	0.11142700000000005
26.32174643124037	0.11877199999999999
26.45600686704813	0.121286
26.59171299525872	0.12080999999999997
26.728748783060112	0.12016800000000005
26.86727479202768	0.11664699999999995
27.007172886360518	0.11026899999999995
27.148609727704685	0.10553299999999999
27.291458467521455	0.09931900000000005
27.435896631111135	0.09121299999999999
27.581792744484748	0.08355699999999999
27.729328632635358	0.07736500000000002
27.87837309252582	0.07266799999999995
28.029105187382097	0.06764499999999996
28.18139849930784	0.06415400000000004
28.33543415547963	0.059347999999999956
28.49108371535128	0.056257
28.64853290547857	0.05935900000000005
28.807650897248138	0.06199500000000002
28.968630793812704	0.059348999999999985
29.13133193897184	0.055618999999999974
29.29596001621754	0.055386999999999964
29.46237196223979	0.05630999999999997
29.630770963029686	0.05086199999999996
29.801019486916445	0.04859899999999995
29.973323292669676	0.050624
30.14754243444468	0.05210400000000004
30.323888543819884	0.04763700000000004
30.50221894339636	0.04202700000000004
30.682754023249277	0.04568099999999997
30.86534002476209	0.046745000000000037
31.050212260803526	0.04658399999999996
31.23721109531244	0.04724799999999996
31.426578480670496	0.04862900000000003
31.618155178851307	0.04721699999999995
31.81218078285902	0.045560000000000045
32.0085022776226	0.04861700000000002
32.20736316556021	0.045404
32.40860793627565	0.039354
32.61248735010535	0.04528299999999996
32.818842943927265	0.04601299999999997
33.027936445544114	0.039092000000000016
33.23959678401317	0.040383999999999975
33.454103539219346	0.04471899999999995
33.671279167248926	0.046409000000000034
33.89141214594599	0.04225500000000004
34.11432520249436	0.037854000000000054
34.340305206261895	0.03325599999999995
34.56918229164322	0.03462799999999999
34.80124909200061	0.03761599999999998
35.03633279974049	0.035938000000000025
35.27473554936418	0.03182600000000002
35.516281808981326	0.02805000000000002
35.76128766870088	0.022318999999999978
36.00956284354699	0.023414999999999964
36.26144580751944	0.04034800000000005
36.516743100165954	0.04481500000000005
36.77579283745759	0.039959999999999996
37.038410201800446	0.035421000000000036
37.30494108980901	0.03491
37.575197928482346	0.031748
37.84953907399059	0.03523699999999996
38.12777365017091	0.044096000000000024
38.41027772993031	0.04766099999999995
