9.43670e+00	9.96700e-02
9.45389e+00	9.96100e-02
9.47107e+00	9.89000e-02
9.48826e+00	9.86600e-02
9.50545e+00	9.81800e-02
9.52263e+00	9.77300e-02
9.53982e+00	9.75500e-02
9.55701e+00	9.70100e-02
9.57420e+00	9.65900e-02
9.59138e+00	9.59800e-02
9.60857e+00	9.58600e-02
9.62576e+00	9.54100e-02
9.64294e+00	9.47500e-02
9.66013e+00	9.41800e-02
9.67732e+00	9.38800e-02
9.69450e+00	9.36500e-02
9.71169e+00	9.31700e-02
9.72888e+00	9.26600e-02
9.74607e+00	9.21100e-02
9.76325e+00	9.20900e-02
9.78044e+00	9.14500e-02
9.79763e+00	9.05100e-02
9.81481e+00	9.02600e-02
9.83200e+00	9.05500e-02
9.84919e+00	9.09800e-02
9.86637e+00	9.07800e-02
9.88356e+00	9.01700e-02
9.90075e+00	8.97300e-02
9.91794e+00	8.97600e-02
9.93512e+00	8.90600e-02
9.95231e+00	8.85200e-02
9.96950e+00	8.83500e-02
9.98668e+00	8.82500e-02
1.00039e+01	8.79000e-02
1.00211e+01	8.76300e-02
1.00382e+01	8.71500e-02
1.00554e+01	8.66900e-02
1.00726e+01	8.63700e-02
1.00898e+01	8.61500e-02
1.01070e+01	8.57200e-02
1.01242e+01	8.53400e-02
1.01414e+01	8.52700e-02
1.01586e+01	8.51200e-02
1.01757e+01	8.46100e-02
1.01929e+01	8.40800e-02
1.02101e+01	8.38400e-02
1.02273e+01	8.35900e-02
1.02445e+01	8.33700e-02
1.02617e+01	8.29800e-02
1.02789e+01	8.27200e-02
1.02961e+01	8.26400e-02
1.03132e+01	8.24500e-02
1.03304e+01	8.21500e-02
1.03476e+01	8.20900e-02
1.03648e+01	8.21600e-02
1.03820e+01	8.20400e-02
1.03992e+01	8.18600e-02
1.04164e+01	8.18700e-02
1.04335e+01	8.17800e-02
1.04507e+01	8.13700e-02
1.04679e+01	8.12300e-02
1.04851e+01	8.11900e-02
1.05023e+01	8.10700e-02
1.05195e+01	8.10300e-02
1.05367e+01	8.08400e-02
1.05539e+01	8.06800e-02
1.05710e+01	8.07800e-02
1.05882e+01	8.07500e-02
1.06054e+01	8.06200e-02
1.06226e+01	8.05600e-02
1.06398e+01	8.04100e-02
1.06570e+01	8.02400e-02
1.06742e+01	8.01500e-02
1.06913e+01	8.01500e-02
1.07085e+01	8.00800e-02
1.07257e+01	7.99000e-02
1.07429e+01	7.97500e-02
1.07601e+01	7.97400e-02
1.07773e+01	7.97500e-02
1.07945e+01	7.96500e-02
1.08117e+01	7.94700e-02
1.08288e+01	7.93100e-02
1.08460e+01	7.92300e-02
1.08632e+01	7.90500e-02
1.08804e+01	7.88700e-02
1.08976e+01	7.87200e-02
1.09148e+01	7.85600e-02
1.09320e+01	7.84100e-02
1.09492e+01	7.83100e-02
1.09663e+01	7.82800e-02
1.09835e+01	7.81100e-02
1.10007e+01	7.78800e-02
1.10179e+01	7.77400e-02
1.10351e+01	7.75800e-02
1.10523e+01	7.73500e-02
1.10695e+01	7.71500e-02
1.10866e+01	7.71000e-02
1.11038e+01	7.71300e-02
1.11210e+01	7.70700e-02
1.11382e+01	7.69200e-02
1.11554e+01	7.68000e-02
1.11726e+01	7.66800e-02
1.11898e+01	7.65000e-02
1.12070e+01	7.64600e-02
1.12241e+01	7.64000e-02
1.12413e+01	7.62500e-02
1.12585e+01	7.61300e-02
1.12757e+01	7.60800e-02
1.12929e+01	7.61100e-02
1.13101e+01	7.61100e-02
1.13273e+01	7.60900e-02
1.13445e+01	7.59300e-02
1.13616e+01	7.58200e-02
1.13788e+01	7.57900e-02
1.13960e+01	7.56300e-02
1.14132e+01	7.55600e-02
1.14304e+01	7.56500e-02
1.14476e+01	7.56600e-02
1.14648e+01	7.55900e-02
1.14819e+01	7.55500e-02
1.14991e+01	7.55200e-02
1.15163e+01	7.55400e-02
1.15335e+01	7.55100e-02
1.15507e+01	7.54800e-02
1.15679e+01	7.54700e-02
1.15851e+01	7.55600e-02
1.16023e+01	7.56900e-02
1.16194e+01	7.57900e-02
1.16366e+01	7.58400e-02
1.16538e+01	7.57600e-02
1.16710e+01	7.56700e-02
1.16882e+01	7.57500e-02
1.17054e+01	7.58800e-02
1.17226e+01	7.60500e-02
1.17398e+01	7.61700e-02
1.17569e+01	7.61600e-02
1.17741e+01	7.62300e-02
1.17913e+01	7.64600e-02
1.18085e+01	7.67200e-02
1.18257e+01	7.68800e-02
1.18429e+01	7.70600e-02
1.18601e+01	7.73500e-02
1.18772e+01	7.76300e-02
1.18944e+01	7.77500e-02
1.19116e+01	7.77800e-02
1.19288e+01	7.79500e-02
1.19460e+01	7.82300e-02
1.19632e+01	7.85100e-02
1.19804e+01	7.88600e-02
1.19976e+01	7.91600e-02
1.20147e+01	7.93600e-02
1.20319e+01	7.96000e-02
1.20491e+01	7.99100e-02
1.20663e+01	8.02200e-02
1.20835e+01	8.05600e-02
1.21007e+01	8.09600e-02
1.21179e+01	8.13600e-02
1.21351e+01	8.17000e-02
1.21522e+01	8.20900e-02
1.21694e+01	8.25000e-02
1.21866e+01	8.28900e-02
1.22038e+01	8.33300e-02
1.22210e+01	8.37600e-02
1.22382e+01	8.42200e-02
1.22554e+01	8.46900e-02
1.22725e+01	8.52000e-02
1.22897e+01	8.57800e-02
1.23069e+01	8.63700e-02
1.23241e+01	8.69100e-02
1.23413e+01	8.74000e-02
1.23585e+01	8.79700e-02
1.23757e+01	8.86100e-02
1.23929e+01	8.92900e-02
1.24101e+01	9.00400e-02
1.24272e+01	9.06500e-02
1.24444e+01	9.11000e-02
1.24616e+01	9.16900e-02
1.24788e+01	9.24700e-02
1.24960e+01	9.32100e-02
1.25132e+01	9.37300e-02
1.25304e+01	9.42300e-02
1.25476e+01	9.49000e-02
1.25647e+01	9.56400e-02
1.25819e+01	9.62600e-02
1.25991e+01	9.67800e-02
1.26163e+01	9.73600e-02
1.26335e+01	9.80700e-02
1.26507e+01	9.87900e-02
1.26678e+01	9.94600e-02
1.26850e+01	1.00030e-01
1.27022e+01	1.00630e-01
1.27194e+01	1.01410e-01
1.27366e+01	1.02230e-01
1.27538e+01	1.02980e-01
1.27710e+01	1.03730e-01
1.27882e+01	1.04520e-01
1.28054e+01	1.05300e-01
1.28225e+01	1.06060e-01
1.28397e+01	1.06940e-01
1.28569e+01	1.07920e-01
1.28741e+01	1.08860e-01
1.28913e+01	1.09780e-01
1.29085e+01	1.10680e-01
1.29257e+01	1.11520e-01
1.29429e+01	1.12380e-01
1.29600e+01	1.13280e-01
1.29772e+01	1.14220e-01
1.29944e+01	1.15180e-01
1.30116e+01	1.16090e-01
1.30288e+01	1.16900e-01
1.30460e+01	1.17710e-01
1.30632e+01	1.18550e-01
1.30803e+01	1.19430e-01
1.30975e+01	1.20340e-01
1.31147e+01	1.21200e-01
1.31319e+01	1.22000e-01
1.31491e+01	1.22900e-01
1.31663e+01	1.23910e-01
1.31835e+01	1.24860e-01
1.32007e+01	1.25700e-01
1.32178e+01	1.26540e-01
1.32350e+01	1.27430e-01
1.32522e+01	1.28270e-01
1.32694e+01	1.28980e-01
1.32866e+01	1.29680e-01
1.33038e+01	1.30540e-01
1.33210e+01	1.31450e-01
1.33382e+01	1.32280e-01
1.33553e+01	1.33100e-01
1.33725e+01	1.33920e-01
1.33897e+01	1.34610e-01
1.34069e+01	1.35220e-01
1.34241e+01	1.35930e-01
1.34413e+01	1.36780e-01
1.34585e+01	1.37570e-01
1.34756e+01	1.38210e-01
1.34928e+01	1.38800e-01
1.35100e+01	1.39450e-01
1.35272e+01	1.40100e-01
1.35444e+01	1.40690e-01
1.35616e+01	1.41250e-01
1.35788e+01	1.41800e-01
1.35960e+01	1.42230e-01
1.36131e+01	1.42490e-01
1.36303e+01	1.43000e-01
1.36475e+01	1.43910e-01
1.36647e+01	1.44750e-01
1.36819e+01	1.45330e-01
1.36991e+01	1.45920e-01
1.37163e+01	1.46520e-01
1.37334e+01	1.47020e-01
1.37506e+01	1.47480e-01
1.37678e+01	1.48060e-01
1.37850e+01	1.48770e-01
1.38022e+01	1.49500e-01
1.38194e+01	1.50110e-01
1.38366e+01	1.50560e-01
1.38538e+01	1.50850e-01
1.38709e+01	1.51080e-01
1.38881e+01	1.51360e-01
1.39053e+01	1.51740e-01
1.39225e+01	1.52170e-01
1.39397e+01	1.52580e-01
1.39569e+01	1.52910e-01
1.39741e+01	1.53170e-01
1.39913e+01	1.53380e-01
1.40084e+01	1.53560e-01
1.40256e+01	1.53770e-01
1.40428e+01	1.54010e-01
1.40600e+01	1.54220e-01
1.40772e+01	1.54330e-01
1.40944e+01	1.54390e-01
1.41116e+01	1.54460e-01
1.41287e+01	1.54570e-01
1.41459e+01	1.54660e-01
1.41631e+01	1.54690e-01
1.41803e+01	1.54700e-01
1.41975e+01	1.54740e-01
1.42147e+01	1.54880e-01
1.42319e+01	1.55060e-01
1.42491e+01	1.55150e-01
1.42662e+01	1.55060e-01
1.42834e+01	1.54940e-01
1.43006e+01	1.54920e-01
1.43178e+01	1.54960e-01
1.43350e+01	1.55060e-01
1.43522e+01	1.55180e-01
1.43694e+01	1.55360e-01
1.43865e+01	1.55560e-01
1.44037e+01	1.55630e-01
1.44209e+01	1.55510e-01
1.44381e+01	1.55400e-01
1.44553e+01	1.55450e-01
1.44725e+01	1.55580e-01
1.44897e+01	1.55680e-01
1.45069e+01	1.55640e-01
1.45240e+01	1.55530e-01
1.45412e+01	1.55420e-01
1.45584e+01	1.55360e-01
1.45756e+01	1.55380e-01
1.45928e+01	1.55450e-01
1.46100e+01	1.55520e-01
1.46272e+01	1.55560e-01
1.46444e+01	1.55630e-01
1.46615e+01	1.55730e-01
1.46787e+01	1.55790e-01
1.46959e+01	1.55750e-01
1.47131e+01	1.55660e-01
1.47303e+01	1.55660e-01
1.47475e+01	1.55770e-01
1.47647e+01	1.55840e-01
1.47818e+01	1.55830e-01
1.47990e+01	1.55820e-01
1.48162e+01	1.55900e-01
1.48334e+01	1.56040e-01
1.48506e+01	1.56160e-01
1.48678e+01	1.56260e-01
1.48850e+01	1.56330e-01
1.49022e+01	1.56360e-01
1.49193e+01	1.56300e-01
1.49365e+01	1.56120e-01
1.49537e+01	1.55930e-01
1.49709e+01	1.55940e-01
1.49881e+01	1.56310e-01
1.50053e+01	1.56930e-01
1.50225e+01	1.57430e-01
1.50397e+01	1.57790e-01
1.50569e+01	1.58100e-01
1.50740e+01	1.58460e-01
1.50912e+01	1.58810e-01
1.51084e+01	1.59140e-01
1.51256e+01	1.59480e-01
1.51428e+01	1.59860e-01
1.51600e+01	1.60240e-01
1.51772e+01	1.60560e-01
1.51943e+01	1.60870e-01
1.52115e+01	1.61240e-01
1.52287e+01	1.61700e-01
1.52459e+01	1.62250e-01
1.52631e+01	1.62780e-01
1.52803e+01	1.63230e-01
1.52975e+01	1.63590e-01
1.53146e+01	1.63960e-01
1.53318e+01	1.64440e-01
1.53490e+01	1.64930e-01
1.53662e+01	1.65370e-01
1.53834e+01	1.65710e-01
1.54006e+01	1.66050e-01
1.54178e+01	1.66430e-01
1.54350e+01	1.66860e-01
1.54522e+01	1.67310e-01
1.54693e+01	1.67750e-01
1.54865e+01	1.68200e-01
1.55037e+01	1.68650e-01
1.55209e+01	1.69120e-01
1.55381e+01	1.69590e-01
1.55553e+01	1.70060e-01
1.55725e+01	1.70540e-01
1.55896e+01	1.71040e-01
1.56068e+01	1.71510e-01
1.56240e+01	1.71950e-01
1.56412e+01	1.72370e-01
1.56584e+01	1.72850e-01
1.56756e+01	1.73440e-01
1.56928e+01	1.74130e-01
1.57100e+01	1.74930e-01
1.57271e+01	1.75700e-01
1.57443e+01	1.76350e-01
1.57615e+01	1.76850e-01
1.57787e+01	1.77260e-01
1.57959e+01	1.77670e-01
1.58131e+01	1.78120e-01
1.58303e+01	1.78630e-01
1.58475e+01	1.79170e-01
1.58646e+01	1.79700e-01
1.58818e+01	1.80170e-01
1.58990e+01	1.80570e-01
1.59162e+01	1.80970e-01
1.59334e+01	1.81380e-01
1.59506e+01	1.81790e-01
1.59678e+01	1.82130e-01
1.59849e+01	1.82390e-01
1.60021e+01	1.82590e-01
1.60193e+01	1.82770e-01
1.60365e+01	1.82990e-01
1.60537e+01	1.83250e-01
1.60709e+01	1.83540e-01
1.60881e+01	1.83770e-01
1.61052e+01	1.83920e-01
1.61224e+01	1.83980e-01
1.61396e+01	1.84080e-01
1.61568e+01	1.84240e-01
1.61740e+01	1.84450e-01
1.61912e+01	1.84610e-01
1.62084e+01	1.84700e-01
1.62256e+01	1.84650e-01
1.62428e+01	1.84480e-01
1.62599e+01	1.84220e-01
1.62771e+01	1.83930e-01
1.62943e+01	1.83650e-01
1.63115e+01	1.83360e-01
1.63287e+01	1.83030e-01
1.63459e+01	1.82620e-01
1.63631e+01	1.82130e-01
1.63803e+01	1.81560e-01
1.63974e+01	1.81030e-01
1.64146e+01	1.80520e-01
1.64318e+01	1.80050e-01
1.64490e+01	1.79530e-01
1.64662e+01	1.78970e-01
1.64834e+01	1.78370e-01
1.65005e+01	1.77760e-01
1.65177e+01	1.77100e-01
1.65349e+01	1.76360e-01
1.65521e+01	1.75550e-01
1.65693e+01	1.74720e-01
1.65865e+01	1.73910e-01
1.66037e+01	1.73150e-01
1.66209e+01	1.72430e-01
1.66381e+01	1.71740e-01
1.66552e+01	1.71030e-01
1.66724e+01	1.70270e-01
1.66896e+01	1.69410e-01
1.67068e+01	1.68560e-01
1.67240e+01	1.67760e-01
1.67412e+01	1.67100e-01
1.67584e+01	1.66490e-01
1.67756e+01	1.65850e-01
1.67927e+01	1.65080e-01
1.68099e+01	1.64210e-01
1.68271e+01	1.63320e-01
1.68443e+01	1.62480e-01
1.68615e+01	1.61710e-01
1.68787e+01	1.60990e-01
1.68958e+01	1.60250e-01
1.69130e+01	1.59470e-01
1.69302e+01	1.58620e-01
1.69474e+01	1.57740e-01
1.69646e+01	1.56860e-01
1.69818e+01	1.56020e-01
1.69990e+01	1.55250e-01
1.70162e+01	1.54560e-01
1.70333e+01	1.53950e-01
1.70505e+01	1.53410e-01
1.70677e+01	1.52870e-01
1.70849e+01	1.52320e-01
1.71021e+01	1.51700e-01
1.71193e+01	1.51050e-01
1.71365e+01	1.50380e-01
1.71537e+01	1.49810e-01
1.71709e+01	1.49350e-01
1.71880e+01	1.49030e-01
1.72052e+01	1.48730e-01
1.72224e+01	1.48380e-01
1.72396e+01	1.47950e-01
1.72568e+01	1.47480e-01
1.72740e+01	1.47080e-01
1.72912e+01	1.46800e-01
1.73083e+01	1.46660e-01
1.73255e+01	1.46610e-01
1.73427e+01	1.46600e-01
1.73599e+01	1.46570e-01
1.73771e+01	1.46530e-01
1.73943e+01	1.46480e-01
1.74115e+01	1.46510e-01
1.74286e+01	1.46640e-01
1.74458e+01	1.46890e-01
1.74630e+01	1.47240e-01
1.74802e+01	1.47680e-01
1.74974e+01	1.48190e-01
1.75146e+01	1.48760e-01
1.75318e+01	1.49400e-01
1.75490e+01	1.50110e-01
1.75662e+01	1.50860e-01
1.75833e+01	1.51680e-01
1.76005e+01	1.52570e-01
1.76177e+01	1.53540e-01
1.76349e+01	1.54570e-01
1.76521e+01	1.55620e-01
1.76693e+01	1.56690e-01
1.76865e+01	1.57750e-01
1.77036e+01	1.58840e-01
1.77208e+01	1.59980e-01
1.77380e+01	1.61150e-01
1.77552e+01	1.62340e-01
1.77724e+01	1.63480e-01
1.77896e+01	1.64560e-01
1.78068e+01	1.65560e-01
1.78239e+01	1.66460e-01
1.78411e+01	1.67260e-01
1.78583e+01	1.67900e-01
1.78755e+01	1.68380e-01
1.78927e+01	1.68670e-01
1.79099e+01	1.68780e-01
1.79271e+01	1.68730e-01
1.79443e+01	1.68490e-01
1.79615e+01	1.68020e-01
1.79786e+01	1.67350e-01
1.79958e+01	1.66450e-01
1.80130e+01	1.65390e-01
1.80302e+01	1.64180e-01
1.80474e+01	1.62860e-01
1.80646e+01	1.61420e-01
1.80818e+01	1.59930e-01
1.80989e+01	1.58390e-01
1.81161e+01	1.56850e-01
1.81333e+01	1.55290e-01
1.81505e+01	1.53680e-01
1.81677e+01	1.51980e-01
1.81849e+01	1.50140e-01
1.82021e+01	1.48260e-01
1.82192e+01	1.46340e-01
1.82364e+01	1.44530e-01
1.82536e+01	1.42810e-01
1.82708e+01	1.41200e-01
1.82880e+01	1.39660e-01
1.83052e+01	1.38100e-01
1.83224e+01	1.36530e-01
1.83396e+01	1.34920e-01
1.83568e+01	1.33340e-01
1.83739e+01	1.31840e-01
1.83911e+01	1.30430e-01
1.84083e+01	1.29160e-01
1.84255e+01	1.27970e-01
1.84427e+01	1.26860e-01
1.84599e+01	1.25820e-01
1.84771e+01	1.24820e-01
1.84942e+01	1.23860e-01
1.85114e+01	1.22940e-01
1.85286e+01	1.22060e-01
1.85458e+01	1.21220e-01
1.85630e+01	1.20480e-01
1.85802e+01	1.19860e-01
1.85974e+01	1.19370e-01
1.86145e+01	1.18990e-01
1.86317e+01	1.18650e-01
1.86489e+01	1.18340e-01
1.86661e+01	1.18000e-01
1.86833e+01	1.17650e-01
1.87005e+01	1.17370e-01
1.87177e+01	1.17140e-01
1.87349e+01	1.17010e-01
1.87521e+01	1.16950e-01
1.87692e+01	1.16930e-01
1.87864e+01	1.16950e-01
1.88036e+01	1.17030e-01
1.88208e+01	1.17160e-01
1.88380e+01	1.17360e-01
1.88552e+01	1.17590e-01
1.88724e+01	1.17840e-01
1.88895e+01	1.18100e-01
1.89067e+01	1.18350e-01
1.89239e+01	1.18640e-01
1.89411e+01	1.19030e-01
1.89583e+01	1.19500e-01
1.89755e+01	1.20090e-01
1.89927e+01	1.20720e-01
1.90098e+01	1.21280e-01
1.90270e+01	1.21790e-01
1.90442e+01	1.22220e-01
1.90614e+01	1.22610e-01
1.90786e+01	1.23050e-01
1.90958e+01	1.23520e-01
1.91130e+01	1.24000e-01
1.91302e+01	1.24500e-01
1.91474e+01	1.25010e-01
1.91645e+01	1.25550e-01
1.91817e+01	1.26210e-01
1.91989e+01	1.26960e-01
1.92161e+01	1.27770e-01
1.92333e+01	1.28620e-01
1.92505e+01	1.29400e-01
1.92677e+01	1.30110e-01
1.92848e+01	1.30790e-01
1.93020e+01	1.31420e-01
1.93192e+01	1.32080e-01
1.93364e+01	1.32750e-01
1.93536e+01	1.33410e-01
1.93708e+01	1.34050e-01
1.93880e+01	1.34640e-01
1.94052e+01	1.35180e-01
1.94223e+01	1.35700e-01
1.94395e+01	1.36210e-01
1.94567e+01	1.36740e-01
1.94739e+01	1.37320e-01
1.94911e+01	1.37940e-01
1.95083e+01	1.38620e-01
1.95255e+01	1.39310e-01
1.95427e+01	1.39950e-01
1.95598e+01	1.40540e-01
1.95770e+01	1.41030e-01
1.95942e+01	1.41440e-01
1.96114e+01	1.41800e-01
1.96286e+01	1.42130e-01
1.96458e+01	1.42470e-01
1.96630e+01	1.42830e-01
1.96801e+01	1.43180e-01
1.96973e+01	1.43520e-01
1.97145e+01	1.43800e-01
1.97317e+01	1.43910e-01
1.97489e+01	1.43900e-01
1.97661e+01	1.43780e-01
1.97833e+01	1.43570e-01
1.98005e+01	1.43400e-01
1.98176e+01	1.43250e-01
1.98348e+01	1.43100e-01
1.98520e+01	1.42960e-01
1.98692e+01	1.42790e-01
1.98864e+01	1.42530e-01
1.99036e+01	1.42230e-01
1.99208e+01	1.41870e-01
1.99380e+01	1.41480e-01
1.99551e+01	1.41130e-01
1.99723e+01	1.40810e-01
1.99895e+01	1.40610e-01
2.00067e+01	1.40510e-01
2.00239e+01	1.40540e-01
2.00411e+01	1.40690e-01
2.00583e+01	1.40940e-01
2.00755e+01	1.41270e-01
2.00926e+01	1.41670e-01
2.01098e+01	1.42090e-01
2.01270e+01	1.42560e-01
2.01442e+01	1.43030e-01
2.01614e+01	1.43520e-01
2.01786e+01	1.44000e-01
2.01958e+01	1.44450e-01
2.02129e+01	1.44880e-01
2.02301e+01	1.45300e-01
2.02473e+01	1.45700e-01
2.02645e+01	1.46100e-01
2.02817e+01	1.46480e-01
2.02989e+01	1.46810e-01
2.03161e+01	1.47070e-01
2.03333e+01	1.47270e-01
2.03504e+01	1.47400e-01
2.03676e+01	1.47450e-01
2.03848e+01	1.47450e-01
2.04020e+01	1.47400e-01
2.04192e+01	1.47310e-01
2.04364e+01	1.47190e-01
2.04536e+01	1.47080e-01
2.04708e+01	1.47030e-01
2.04879e+01	1.47020e-01
2.05051e+01	1.47020e-01
2.05223e+01	1.47050e-01
2.05395e+01	1.47010e-01
2.05567e+01	1.46870e-01
2.05739e+01	1.46660e-01
2.05911e+01	1.46390e-01
2.06082e+01	1.46050e-01
2.06254e+01	1.45670e-01
2.06426e+01	1.45250e-01
2.06598e+01	1.44760e-01
2.06770e+01	1.44170e-01
2.06942e+01	1.43520e-01
2.07114e+01	1.42830e-01
2.07285e+01	1.42110e-01
2.07457e+01	1.41370e-01
2.07629e+01	1.40640e-01
2.07801e+01	1.39900e-01
2.07973e+01	1.39130e-01
2.08145e+01	1.38330e-01
2.08317e+01	1.37530e-01
2.08489e+01	1.36720e-01
2.08661e+01	1.35900e-01
2.08832e+01	1.35060e-01
2.09004e+01	1.34200e-01
2.09176e+01	1.33260e-01
2.09348e+01	1.32260e-01
2.09520e+01	1.31210e-01
2.09692e+01	1.30110e-01
2.09864e+01	1.28970e-01
2.10035e+01	1.27830e-01
2.10207e+01	1.26680e-01
2.10379e+01	1.25560e-01
2.10551e+01	1.24460e-01
2.10723e+01	1.23400e-01
2.10895e+01	1.22380e-01
2.11067e+01	1.21410e-01
2.11239e+01	1.20410e-01
2.11410e+01	1.19370e-01
2.11582e+01	1.18280e-01
2.11754e+01	1.17090e-01
2.11926e+01	1.15800e-01
2.12098e+01	1.14530e-01
2.12270e+01	1.13280e-01
2.12442e+01	1.12090e-01
2.12614e+01	1.11070e-01
2.12785e+01	1.10200e-01
2.12957e+01	1.09510e-01
2.13129e+01	1.09050e-01
2.13301e+01	1.08780e-01
2.13473e+01	1.08660e-01
2.13645e+01	1.08720e-01
2.13817e+01	1.08910e-01
2.13988e+01	1.09220e-01
2.14160e+01	1.09650e-01
2.14332e+01	1.10200e-01
2.14504e+01	1.10890e-01
2.14676e+01	1.11650e-01
2.14848e+01	1.12440e-01
2.15020e+01	1.13290e-01
2.15192e+01	1.14060e-01
2.15363e+01	1.14760e-01
2.15535e+01	1.15380e-01
2.15707e+01	1.15900e-01
2.15879e+01	1.16320e-01
2.16051e+01	1.16690e-01
2.16223e+01	1.17000e-01
2.16395e+01	1.17260e-01
2.16567e+01	1.17440e-01
2.16738e+01	1.17540e-01
2.16910e+01	1.17560e-01
2.17082e+01	1.17490e-01
2.17254e+01	1.17320e-01
2.17426e+01	1.17170e-01
2.17598e+01	1.17050e-01
2.17770e+01	1.16970e-01
2.17941e+01	1.16950e-01
2.18113e+01	1.17020e-01
2.18285e+01	1.17090e-01
2.18457e+01	1.17090e-01
2.18629e+01	1.17050e-01
2.18801e+01	1.17050e-01
2.18973e+01	1.17110e-01
2.19145e+01	1.17240e-01
2.19316e+01	1.17560e-01
2.19488e+01	1.18110e-01
2.19660e+01	1.18770e-01
2.19832e+01	1.19470e-01
2.20004e+01	1.20260e-01
2.20176e+01	1.20960e-01
2.20348e+01	1.21510e-01
2.20520e+01	1.21930e-01
2.20691e+01	1.22140e-01
2.20863e+01	1.22120e-01
2.21035e+01	1.21900e-01
2.21207e+01	1.21480e-01
2.21379e+01	1.20840e-01
2.21551e+01	1.20060e-01
2.21723e+01	1.19200e-01
2.21894e+01	1.18230e-01
2.22066e+01	1.17250e-01
2.22238e+01	1.16280e-01
2.22410e+01	1.15300e-01
2.22582e+01	1.14350e-01
2.22754e+01	1.13450e-01
2.22926e+01	1.12560e-01
2.23098e+01	1.11680e-01
2.23269e+01	1.10820e-01
2.23441e+01	1.09940e-01
2.23613e+01	1.09020e-01
2.23785e+01	1.08050e-01
2.23957e+01	1.07060e-01
2.24129e+01	1.06060e-01
2.24301e+01	1.05040e-01
2.24473e+01	1.04060e-01
2.24644e+01	1.03160e-01
2.24816e+01	1.02300e-01
2.24988e+01	1.01460e-01
2.25160e+01	1.00670e-01
2.25332e+01	9.98900e-02
2.25504e+01	9.90900e-02
2.25676e+01	9.82700e-02
2.25847e+01	9.74300e-02
2.26019e+01	9.65800e-02
2.26191e+01	9.57000e-02
2.26363e+01	9.48200e-02
2.26535e+01	9.39600e-02
2.26707e+01	9.31000e-02
2.26879e+01	9.22700e-02
2.27051e+01	9.14800e-02
2.27222e+01	9.07300e-02
2.27394e+01	9.00100e-02
2.27566e+01	8.93100e-02
2.27738e+01	8.86400e-02
2.27910e+01	8.79800e-02
2.28082e+01	8.73400e-02
2.28254e+01	8.67100e-02
2.28426e+01	8.60900e-02
2.28597e+01	8.54700e-02
2.28769e+01	8.48600e-02
2.28941e+01	8.42400e-02
2.29113e+01	8.35900e-02
2.29285e+01	8.29300e-02
2.29457e+01	8.22600e-02
2.29629e+01	8.15800e-02
2.29800e+01	8.08900e-02
2.29972e+01	8.02400e-02
2.30144e+01	7.96000e-02
2.30316e+01	7.90000e-02
2.30488e+01	7.84300e-02
2.30660e+01	7.79200e-02
2.30832e+01	7.74500e-02
2.31004e+01	7.69900e-02
2.31175e+01	7.65600e-02
2.31347e+01	7.61400e-02
2.31519e+01	7.57100e-02
2.31691e+01	7.52400e-02
2.31863e+01	7.47500e-02
2.32035e+01	7.42600e-02
2.32207e+01	7.37400e-02
2.32379e+01	7.32300e-02
2.32550e+01	7.27300e-02
2.32722e+01	7.22700e-02
2.32894e+01	7.18200e-02
2.33066e+01	7.13900e-02
2.33238e+01	7.09800e-02
2.33410e+01	7.05800e-02
2.33582e+01	7.01900e-02
2.33754e+01	6.98000e-02
2.33925e+01	6.94100e-02
2.34097e+01	6.90200e-02
2.34269e+01	6.86400e-02
2.34441e+01	6.82700e-02
2.34613e+01	6.79000e-02
2.34785e+01	6.75300e-02
2.34957e+01	6.71600e-02
2.35128e+01	6.68200e-02
2.35300e+01	6.65000e-02
2.35472e+01	6.62100e-02
2.35644e+01	6.59400e-02
2.35816e+01	6.57100e-02
2.35988e+01	6.55000e-02
2.36160e+01	6.52900e-02
2.36332e+01	6.50300e-02
2.36503e+01	6.47200e-02
2.36675e+01	6.44100e-02
2.36847e+01	6.41200e-02
2.37019e+01	6.38100e-02
2.37191e+01	6.35100e-02
2.37363e+01	6.32100e-02
2.37535e+01	6.29100e-02
2.37707e+01	6.26100e-02
2.37878e+01	6.23000e-02
2.38050e+01	6.20000e-02
2.38222e+01	6.17000e-02
2.38394e+01	6.14000e-02
2.38566e+01	6.11000e-02
2.38738e+01	6.07900e-02
2.38910e+01	6.04900e-02
2.39081e+01	6.01900e-02
2.39253e+01	5.98900e-02
2.39425e+01	5.95900e-02
2.39597e+01	5.92800e-02
2.39769e+01	5.89800e-02
2.39941e+01	5.86800e-02
2.40113e+01	5.83800e-02
2.40285e+01	5.80700e-02
2.40456e+01	5.77700e-02
2.40628e+01	5.74700e-02
2.40800e+01	5.71700e-02
2.40972e+01	5.68700e-02
2.41144e+01	5.65600e-02
2.41316e+01	5.62600e-02
2.41488e+01	5.59600e-02
2.41660e+01	5.58000e-02
2.41831e+01	5.56300e-02
2.42003e+01	5.54500e-02
2.42175e+01	5.52800e-02
2.42347e+01	5.51200e-02
2.42519e+01	5.49800e-02
2.42691e+01	5.48400e-02
2.42863e+01	5.47000e-02
2.43034e+01	5.45600e-02
2.43206e+01	5.44200e-02
2.43378e+01	5.42700e-02
2.43550e+01	5.40900e-02
2.43722e+01	5.39000e-02
2.43894e+01	5.37000e-02
2.44066e+01	5.35000e-02
2.44238e+01	5.32900e-02
2.44409e+01	5.30800e-02
2.44581e+01	5.28800e-02
2.44753e+01	5.26800e-02
2.44925e+01	5.25000e-02
2.45097e+01	5.23200e-02
2.45269e+01	5.21500e-02
2.45441e+01	5.19900e-02
2.45613e+01	5.18400e-02
2.45784e+01	5.17100e-02
2.45956e+01	5.16100e-02
2.46128e+01	5.15100e-02
2.46300e+01	5.14200e-02
2.46472e+01	5.13100e-02
2.46644e+01	5.12100e-02
2.46816e+01	5.11000e-02
2.46987e+01	5.09700e-02
2.47159e+01	5.08100e-02
2.47331e+01	5.06400e-02
2.47503e+01	5.04700e-02
2.47675e+01	5.03000e-02
2.47847e+01	5.01200e-02
2.48019e+01	4.99400e-02
2.48191e+01	4.98000e-02
2.48363e+01	4.96600e-02
2.48534e+01	4.95400e-02
2.48706e+01	4.94700e-02
2.48878e+01	4.94400e-02
2.49050e+01	4.94400e-02
2.49222e+01	4.94900e-02
2.49394e+01	4.95700e-02
2.49566e+01	4.96900e-02
2.49737e+01	4.98500e-02
2.49909e+01	5.00500e-02
2.50081e+01	5.02800e-02
2.50253e+01	5.05600e-02
2.50425e+01	5.09000e-02
2.50597e+01	5.13400e-02
2.50769e+01	5.17900e-02
2.50940e+01	5.22400e-02
2.51112e+01	5.26800e-02
2.51284e+01	5.31300e-02
2.51456e+01	5.35800e-02
2.51628e+01	5.40300e-02
2.51800e+01	5.44800e-02
2.51972e+01	5.49300e-02
2.52144e+01	5.53800e-02
2.52316e+01	5.58300e-02
2.52487e+01	5.62800e-02
2.52659e+01	5.67200e-02
2.52831e+01	5.71700e-02
2.53003e+01	5.76200e-02
2.53175e+01	5.80700e-02
2.53347e+01	5.85200e-02
2.53519e+01	5.89700e-02
2.53690e+01	5.94200e-02
2.53862e+01	5.98700e-02
2.54034e+01	6.07100e-02
2.54206e+01	6.14600e-02
2.54378e+01	6.21200e-02
2.54550e+01	6.27200e-02
2.54722e+01	6.32100e-02
2.54893e+01	6.35500e-02
2.55065e+01	6.37400e-02
2.55237e+01	6.38200e-02
2.55409e+01	6.38300e-02
2.55581e+01	6.37700e-02
2.55753e+01	6.36200e-02
2.55925e+01	6.34300e-02
2.56097e+01	6.32200e-02
2.56269e+01	6.30000e-02
2.56440e+01	6.27500e-02
2.56612e+01	6.25000e-02
2.56784e+01	6.22700e-02
2.56956e+01	6.20400e-02
2.57128e+01	6.18200e-02
2.57300e+01	6.16500e-02
2.57472e+01	6.15400e-02
2.57643e+01	6.14600e-02
2.57815e+01	6.14500e-02
2.57987e+01	6.15300e-02
2.58159e+01	6.17200e-02
2.58331e+01	6.20000e-02
2.58503e+01	6.23600e-02
2.58675e+01	6.28100e-02
2.58846e+01	6.33800e-02
2.59018e+01	6.40400e-02
2.59190e+01	6.47100e-02
2.59362e+01	6.53800e-02
2.59534e+01	6.60900e-02
2.59706e+01	6.67900e-02
2.59878e+01	6.74000e-02
2.60050e+01	6.79000e-02
2.60222e+01	6.83100e-02
2.60393e+01	6.86400e-02
2.60565e+01	6.89100e-02
2.60737e+01	6.90900e-02
2.60909e+01	6.92000e-02
2.61081e+01	6.92600e-02
2.61253e+01	6.93300e-02
2.61425e+01	6.94000e-02
2.61596e+01	6.94600e-02
2.61768e+01	6.95100e-02
2.61940e+01	6.95500e-02
2.62112e+01	6.95800e-02
2.62284e+01	6.96000e-02
2.62456e+01	6.95800e-02
2.62628e+01	6.95100e-02
2.62799e+01	6.94000e-02
2.62971e+01	6.92500e-02
2.63143e+01	6.90600e-02
2.63315e+01	6.88400e-02
2.63487e+01	6.85600e-02
2.63659e+01	6.82500e-02
2.63831e+01	6.79300e-02
2.64003e+01	6.75900e-02
2.64174e+01	6.72400e-02
2.64346e+01	6.68600e-02
2.64518e+01	6.64900e-02
2.64690e+01	6.61200e-02
2.64862e+01	6.57500e-02
2.65034e+01	6.53700e-02
2.65206e+01	6.49800e-02
2.65378e+01	6.45700e-02
2.65550e+01	6.41700e-02
2.65721e+01	6.37300e-02
2.65893e+01	6.32200e-02
2.66065e+01	6.26300e-02
2.66237e+01	6.19600e-02
2.66409e+01	6.14900e-02
2.66581e+01	6.10200e-02
2.66752e+01	6.05500e-02
2.66924e+01	6.00800e-02
2.67096e+01	5.96100e-02
2.67268e+01	5.91400e-02
2.67440e+01	5.86700e-02
2.67612e+01	5.82000e-02
2.67784e+01	5.77300e-02
2.67956e+01	5.72600e-02
2.68127e+01	5.67900e-02
2.68299e+01	5.63200e-02
2.68471e+01	5.58500e-02
2.68643e+01	5.53800e-02
2.68815e+01	5.49100e-02
2.68987e+01	5.44400e-02
2.69159e+01	5.39700e-02
2.69331e+01	5.35000e-02
2.69503e+01	5.30300e-02
2.69674e+01	5.25600e-02
2.69846e+01	5.20900e-02
2.70018e+01	5.16200e-02
2.70190e+01	5.11500e-02
2.70362e+01	5.06800e-02
2.70534e+01	5.02100e-02
2.70706e+01	4.97400e-02
2.70877e+01	4.92700e-02
2.71049e+01	4.88000e-02
2.71221e+01	4.83300e-02
2.71393e+01	4.78600e-02
2.71565e+01	4.73900e-02
2.71737e+01	4.69200e-02
2.71909e+01	4.64500e-02
2.72080e+01	4.59800e-02
2.72252e+01	4.55100e-02
2.72424e+01	4.52000e-02
2.72596e+01	4.49200e-02
2.72768e+01	4.46500e-02
2.72940e+01	4.43700e-02
2.73112e+01	4.40900e-02
2.73284e+01	4.38100e-02
2.73456e+01	4.35400e-02
2.73627e+01	4.32600e-02
2.73799e+01	4.29800e-02
2.73971e+01	4.27100e-02
2.74143e+01	4.24300e-02
2.74315e+01	4.21500e-02
2.74487e+01	4.18600e-02
2.74659e+01	4.15700e-02
2.74830e+01	4.12700e-02
2.75002e+01	4.09700e-02
2.75174e+01	4.06700e-02
2.75346e+01	4.03500e-02
2.75518e+01	4.00300e-02
2.75690e+01	3.97200e-02
2.75862e+01	3.94300e-02
2.76033e+01	3.92600e-02
2.76205e+01	3.91000e-02
2.76377e+01	3.89300e-02
2.76549e+01	3.87600e-02
2.76721e+01	3.85900e-02
2.76893e+01	3.84200e-02
2.77065e+01	3.82500e-02
2.77237e+01	3.80900e-02
2.77409e+01	3.79200e-02
2.77580e+01	3.77500e-02
2.77752e+01	3.75800e-02
2.77924e+01	3.74100e-02
2.78096e+01	3.72500e-02
2.78268e+01	3.70800e-02
2.78440e+01	3.69100e-02
2.78612e+01	3.67400e-02
2.78783e+01	3.65700e-02
2.78955e+01	3.64000e-02
2.79127e+01	3.62400e-02
2.79299e+01	3.60700e-02
2.79471e+01	3.59000e-02
2.79643e+01	3.57300e-02
2.79815e+01	3.55600e-02
2.79986e+01	3.53900e-02
2.80158e+01	3.52300e-02
2.80330e+01	3.50600e-02
2.80502e+01	3.48900e-02
2.80674e+01	3.47200e-02
2.80846e+01	3.45500e-02
2.81018e+01	3.43800e-02
2.81190e+01	3.42200e-02
2.81362e+01	3.40500e-02
2.81533e+01	3.38800e-02
2.81705e+01	3.37100e-02
2.81877e+01	3.35400e-02
2.82049e+01	3.33800e-02
2.82221e+01	3.32100e-02
2.82393e+01	3.30400e-02
2.82565e+01	3.28700e-02
2.82736e+01	3.27000e-02
2.82908e+01	3.25300e-02
2.83080e+01	3.23700e-02
2.83252e+01	3.22000e-02
2.83424e+01	3.20300e-02
2.83596e+01	3.18600e-02
2.83768e+01	3.16900e-02
2.83939e+01	3.15200e-02
2.84111e+01	3.13600e-02
2.84283e+01	3.11900e-02
2.84455e+01	3.10200e-02
2.84627e+01	3.08500e-02
2.84799e+01	3.06800e-02
2.84971e+01	3.05200e-02
2.85143e+01	3.03500e-02
2.85315e+01	3.01800e-02
2.85486e+01	3.00100e-02
2.85658e+01	2.98400e-02
2.85830e+01	2.96700e-02
2.86002e+01	2.95100e-02
2.86174e+01	2.93400e-02
2.86346e+01	2.91700e-02
2.86518e+01	2.90000e-02
2.86689e+01	2.88300e-02
2.86861e+01	2.86600e-02
2.87033e+01	2.85000e-02
2.87205e+01	2.83300e-02
2.87377e+01	2.81600e-02
2.87549e+01	2.79900e-02
2.87721e+01	2.78200e-02
2.87892e+01	2.76600e-02
2.88064e+01	2.74900e-02
2.88236e+01	2.73200e-02
2.88408e+01	2.71500e-02
2.88580e+01	2.69800e-02
2.88752e+01	2.68100e-02
2.88924e+01	2.66500e-02
2.89096e+01	2.65200e-02
2.89268e+01	2.63900e-02
2.89439e+01	2.62600e-02
2.89611e+01	2.61300e-02
2.89783e+01	2.60000e-02
2.89955e+01	2.58800e-02
2.90127e+01	2.57500e-02
2.90299e+01	2.56200e-02
2.90471e+01	2.54900e-02
2.90643e+01	2.53600e-02
2.90814e+01	2.52400e-02
2.90986e+01	2.51100e-02
2.91158e+01	2.50300e-02
2.91330e+01	2.49600e-02
2.91502e+01	2.48900e-02
2.91674e+01	2.48200e-02
2.91845e+01	2.47500e-02
2.92017e+01	2.46700e-02
2.92189e+01	2.46000e-02
2.92361e+01	2.45300e-02
2.92533e+01	2.44600e-02
2.92705e+01	2.43800e-02
2.92877e+01	2.43100e-02
2.93049e+01	2.42400e-02
2.93221e+01	2.41700e-02
2.93392e+01	2.41000e-02
2.93564e+01	2.40200e-02
2.93736e+01	2.39500e-02
2.93908e+01	2.38800e-02
2.94080e+01	2.38100e-02
2.94252e+01	2.37300e-02
2.94424e+01	2.36600e-02
2.94596e+01	2.35900e-02
2.94767e+01	2.35200e-02
2.94939e+01	2.34400e-02
2.95111e+01	2.33700e-02
2.95283e+01	2.33000e-02
2.95455e+01	2.32300e-02
2.95627e+01	2.31600e-02
2.95799e+01	2.30800e-02
2.95970e+01	2.31200e-02
2.96142e+01	2.31800e-02
2.96314e+01	2.32700e-02
2.96486e+01	2.33800e-02
2.96658e+01	2.35300e-02
2.96830e+01	2.37100e-02
2.97002e+01	2.39100e-02
2.97174e+01	2.40400e-02
2.97345e+01	2.41600e-02
2.97517e+01	2.42800e-02
2.97689e+01	2.44100e-02
2.97861e+01	2.45300e-02
2.98033e+01	2.46600e-02
2.98205e+01	2.47800e-02
2.98377e+01	2.49000e-02
2.98549e+01	2.50300e-02
2.98720e+01	2.51500e-02
2.98892e+01	2.52800e-02
2.99064e+01	2.54000e-02
2.99236e+01	2.55200e-02
2.99408e+01	2.56500e-02
2.99580e+01	2.57700e-02
2.99752e+01	2.59000e-02
2.99923e+01	2.60200e-02
3.00095e+01	2.61400e-02
3.00267e+01	2.62700e-02
3.00439e+01	2.65900e-02
3.00611e+01	2.69100e-02
3.00783e+01	2.72300e-02
3.00955e+01	2.75500e-02
3.01126e+01	2.78700e-02
3.01298e+01	2.81900e-02
3.01470e+01	2.85100e-02
3.01642e+01	2.88300e-02
3.01814e+01	2.91400e-02
3.01986e+01	2.94600e-02
3.02158e+01	2.97800e-02
3.02330e+01	3.01000e-02
3.02502e+01	3.04200e-02
3.02673e+01	3.07400e-02
3.02845e+01	3.10600e-02
3.03017e+01	3.13800e-02
3.03189e+01	3.17000e-02
3.03361e+01	3.20200e-02
3.03533e+01	3.23400e-02
3.03705e+01	3.26600e-02
3.03876e+01	3.29800e-02
3.04048e+01	3.33000e-02
3.04220e+01	3.36200e-02
3.04392e+01	3.39400e-02
3.04564e+01	3.46400e-02
3.04736e+01	3.54400e-02
3.04908e+01	3.63400e-02
3.05079e+01	3.73500e-02
3.05251e+01	3.85300e-02
3.05423e+01	3.98400e-02
3.05595e+01	4.12100e-02
3.05767e+01	4.25600e-02
3.05939e+01	4.38400e-02
3.06111e+01	4.50800e-02
3.06283e+01	4.63300e-02
3.06455e+01	4.75300e-02
3.06626e+01	4.86500e-02
3.06798e+01	4.96400e-02
3.06970e+01	5.04500e-02
3.07142e+01	5.11100e-02
3.07314e+01	5.16600e-02
3.07486e+01	5.21500e-02
3.07658e+01	5.26200e-02
3.07829e+01	5.31000e-02
3.08001e+01	5.35600e-02
3.08173e+01	5.39900e-02
3.08345e+01	5.43800e-02
3.08517e+01	5.47300e-02
3.08689e+01	5.50300e-02
3.08861e+01	5.52900e-02
3.09032e+01	5.55100e-02
3.09204e+01	5.56900e-02
3.09376e+01	5.58400e-02
3.09548e+01	5.59500e-02
3.09720e+01	5.60200e-02
3.09892e+01	5.60600e-02
3.10064e+01	5.60700e-02
3.10236e+01	5.60400e-02
3.10408e+01	5.59800e-02
3.10579e+01	5.59000e-02
3.10751e+01	5.57900e-02
3.10923e+01	5.56400e-02
3.11095e+01	5.54600e-02
3.11267e+01	5.52700e-02
3.11439e+01	5.50500e-02
3.11611e+01	5.48100e-02
3.11782e+01	5.45500e-02
3.11954e+01	5.42600e-02
3.12126e+01	5.39600e-02
3.12298e+01	5.36600e-02
3.12470e+01	5.33600e-02
3.12642e+01	5.30500e-02
3.12814e+01	5.27300e-02
3.12986e+01	5.24100e-02
3.13157e+01	5.20800e-02
3.13329e+01	5.17400e-02
3.13501e+01	5.13800e-02
3.13673e+01	5.10000e-02
3.13845e+01	5.06200e-02
3.14017e+01	5.04100e-02
3.14189e+01	5.02000e-02
3.14361e+01	4.99900e-02
3.14532e+01	4.97700e-02
3.14704e+01	4.95600e-02
3.14876e+01	4.93500e-02
3.15048e+01	4.91400e-02
3.15220e+01	4.89200e-02
3.15392e+01	4.87100e-02
3.15564e+01	4.85000e-02
3.15735e+01	4.82900e-02
3.15907e+01	4.80700e-02
3.16079e+01	4.78600e-02
3.16251e+01	4.76500e-02
3.16423e+01	4.74400e-02
3.16595e+01	4.72200e-02
3.16767e+01	4.70100e-02
3.16939e+01	4.68000e-02
3.17110e+01	4.65900e-02
3.17282e+01	4.63700e-02
3.17454e+01	4.61600e-02
3.17626e+01	4.59500e-02
3.17798e+01	4.57400e-02
3.17970e+01	4.55200e-02
3.18142e+01	4.53100e-02
3.18314e+01	4.51000e-02
3.18485e+01	4.48900e-02
3.18657e+01	4.46700e-02
3.18829e+01	4.44600e-02
3.19001e+01	4.42500e-02
3.19173e+01	4.40400e-02
3.19345e+01	4.38200e-02
3.19517e+01	4.36100e-02
3.19688e+01	4.34000e-02
3.19860e+01	4.31900e-02
3.20032e+01	4.29800e-02
3.20204e+01	4.27600e-02
3.20376e+01	4.25500e-02
3.20548e+01	4.23600e-02
3.20720e+01	4.21800e-02
3.20892e+01	4.20000e-02
3.21063e+01	4.18100e-02
3.21235e+01	4.16100e-02
3.21407e+01	4.14100e-02
3.21579e+01	4.12000e-02
3.21751e+01	4.10000e-02
3.21923e+01	4.07900e-02
3.22095e+01	4.05800e-02
3.22267e+01	4.03800e-02
3.22438e+01	4.01700e-02
3.22610e+01	3.99600e-02
3.22782e+01	3.97400e-02
3.22954e+01	3.95300e-02
3.23126e+01	3.93100e-02
3.23298e+01	3.90900e-02
3.23470e+01	3.88600e-02
3.23642e+01	3.86300e-02
3.23813e+01	3.84100e-02
3.23985e+01	3.81800e-02
3.24157e+01	3.79500e-02
3.24329e+01	3.77200e-02
3.24501e+01	3.74900e-02
3.24673e+01	3.72600e-02
3.24845e+01	3.70300e-02
3.25016e+01	3.68200e-02
3.25188e+01	3.66100e-02
3.25360e+01	3.64200e-02
3.25532e+01	3.62400e-02
3.25704e+01	3.60600e-02
3.25876e+01	3.58900e-02
3.26048e+01	3.57200e-02
3.26219e+01	3.55500e-02
3.26391e+01	3.54200e-02
3.26563e+01	3.52900e-02
3.26735e+01	3.51500e-02
3.26907e+01	3.50200e-02
3.27079e+01	3.48900e-02
3.27251e+01	3.47600e-02
3.27423e+01	3.46200e-02
3.27594e+01	3.44900e-02
3.27766e+01	3.43600e-02
3.27938e+01	3.42300e-02
3.28110e+01	3.40900e-02
3.28282e+01	3.39600e-02
3.28454e+01	3.38300e-02
3.28626e+01	3.37000e-02
3.28798e+01	3.35700e-02
3.28969e+01	3.34300e-02
3.29141e+01	3.33000e-02
3.29313e+01	3.31700e-02
3.29485e+01	3.30400e-02
3.29657e+01	3.29000e-02
3.29829e+01	3.27700e-02
3.30001e+01	3.26400e-02
3.30173e+01	3.25100e-02
3.30344e+01	3.23700e-02
3.30516e+01	3.22400e-02
3.30688e+01	3.21100e-02
3.30860e+01	3.19800e-02
3.31032e+01	3.18400e-02
3.31204e+01	3.17100e-02
3.31376e+01	3.15800e-02
3.31548e+01	3.14500e-02
3.31719e+01	3.13100e-02
3.31891e+01	3.11800e-02
3.32063e+01	3.10500e-02
3.32235e+01	3.09200e-02
3.32407e+01	3.07800e-02
3.32579e+01	3.06500e-02
3.32751e+01	3.05200e-02
3.32923e+01	3.03900e-02
3.33094e+01	3.02500e-02
3.33266e+01	3.01200e-02
3.33438e+01	2.99900e-02
3.33610e+01	2.98600e-02
3.33782e+01	2.97200e-02
3.33954e+01	2.96500e-02
3.34126e+01	2.95500e-02
3.34297e+01	2.94300e-02
3.34469e+01	2.93100e-02
3.34641e+01	2.91800e-02
3.34813e+01	2.90500e-02
3.34985e+01	2.89000e-02
3.35157e+01	2.87300e-02
3.35329e+01	2.85600e-02
3.35500e+01	2.83900e-02
3.35672e+01	2.82000e-02
3.35844e+01	2.80100e-02
3.36016e+01	2.77900e-02
3.36188e+01	2.75700e-02
3.36360e+01	2.73600e-02
3.36532e+01	2.71500e-02
3.36704e+01	2.69700e-02
3.36875e+01	2.68100e-02
3.37047e+01	2.66500e-02
3.37219e+01	2.65100e-02
3.37391e+01	2.63800e-02
3.37563e+01	2.62600e-02
3.37735e+01	2.61600e-02
3.37907e+01	2.60800e-02
3.38079e+01	2.60200e-02
3.38250e+01	2.59800e-02
3.38422e+01	2.59500e-02
3.38594e+01	2.59200e-02
3.38766e+01	2.59000e-02
3.38938e+01	2.58700e-02
3.39110e+01	2.58500e-02
3.39282e+01	2.58300e-02
3.39454e+01	2.58200e-02
3.39625e+01	2.58000e-02
3.39797e+01	2.57800e-02
3.39969e+01	2.57500e-02
3.40141e+01	2.57100e-02
3.40313e+01	2.56600e-02
3.40485e+01	2.56000e-02
3.40657e+01	2.55300e-02
3.40829e+01	2.54700e-02
3.41000e+01	2.54100e-02
3.41172e+01	2.53600e-02
3.41344e+01	2.53200e-02
3.41516e+01	2.52800e-02
3.41688e+01	2.52400e-02
3.41860e+01	2.52100e-02
3.42032e+01	2.51800e-02
3.42203e+01	2.51500e-02
3.42375e+01	2.51300e-02
3.42547e+01	2.51200e-02
3.42719e+01	2.51200e-02
3.42891e+01	2.51100e-02
3.43063e+01	2.51100e-02
3.43235e+01	2.50900e-02
3.43406e+01	2.50500e-02
3.43578e+01	2.49900e-02
3.43750e+01	2.50200e-02
3.43922e+01	2.50400e-02
3.44094e+01	2.50600e-02
3.44266e+01	2.50800e-02
3.44438e+01	2.51000e-02
3.44610e+01	2.51200e-02
3.44781e+01	2.51500e-02
3.44953e+01	2.51700e-02
3.45125e+01	2.51900e-02
3.45297e+01	2.52100e-02
3.45469e+01	2.52300e-02
3.45641e+01	2.52600e-02
3.45813e+01	2.52800e-02
3.45985e+01	2.53000e-02
3.46156e+01	2.53200e-02
3.46328e+01	2.53400e-02
3.46500e+01	2.53600e-02
3.46672e+01	2.53900e-02
3.46844e+01	2.54100e-02
3.47016e+01	2.54300e-02
3.47188e+01	2.54500e-02
3.47360e+01	2.54700e-02
3.47531e+01	2.55600e-02
3.47703e+01	2.56500e-02
3.47875e+01	2.57400e-02
3.48047e+01	2.58300e-02
3.48219e+01	2.59100e-02
3.48391e+01	2.60000e-02
3.48563e+01	2.60900e-02
3.48735e+01	2.61800e-02
3.48906e+01	2.62700e-02
3.49078e+01	2.64300e-02
3.49250e+01	2.65900e-02
3.49422e+01	2.67500e-02
3.49594e+01	2.69100e-02
3.49766e+01	2.70700e-02
3.49938e+01	2.72300e-02
3.50109e+01	2.73900e-02
3.50281e+01	2.75500e-02
3.50453e+01	2.77100e-02
3.50625e+01	2.78700e-02
3.50797e+01	2.80400e-02
3.50969e+01	2.82000e-02
3.51141e+01	2.83600e-02
3.51312e+01	2.85200e-02
3.51484e+01	2.86800e-02
3.51656e+01	2.88400e-02
3.51828e+01	2.90000e-02
3.52000e+01	2.91600e-02
3.52172e+01	2.93200e-02
3.52344e+01	2.94800e-02
3.52516e+01	2.96400e-02
3.52687e+01	2.98000e-02
3.52859e+01	2.99600e-02
3.53031e+01	3.01200e-02
3.53203e+01	3.02900e-02
3.53375e+01	3.04500e-02
3.53547e+01	3.06100e-02
3.53719e+01	3.07700e-02
3.53891e+01	3.09300e-02
3.54062e+01	3.10900e-02
3.54234e+01	3.12500e-02
3.54406e+01	3.14100e-02
3.54578e+01	3.15700e-02
3.54750e+01	3.17300e-02
3.54922e+01	3.18900e-02
3.55094e+01	3.20500e-02
3.55266e+01	3.22100e-02
3.55437e+01	3.23700e-02
3.55609e+01	3.25400e-02
3.55781e+01	3.27000e-02
3.55953e+01	3.28600e-02
3.56125e+01	3.30200e-02
3.56297e+01	3.31800e-02
3.56469e+01	3.33400e-02
3.56641e+01	3.35000e-02
3.56812e+01	3.36600e-02
3.56984e+01	3.38200e-02
3.57156e+01	3.39800e-02
3.57328e+01	3.41400e-02
3.57500e+01	3.43600e-02
3.57672e+01	3.45900e-02
3.57844e+01	3.48100e-02
3.58016e+01	3.50300e-02
3.58187e+01	3.52500e-02
3.58359e+01	3.54700e-02
3.58531e+01	3.56900e-02
3.58703e+01	3.59600e-02
3.58875e+01	3.62200e-02
3.59047e+01	3.64800e-02
3.59219e+01	3.67400e-02
3.59390e+01	3.70000e-02
3.59562e+01	3.72700e-02
3.59734e+01	3.75300e-02
3.59906e+01	3.77900e-02
3.60078e+01	3.83300e-02
3.60250e+01	3.88800e-02
3.60422e+01	3.94200e-02
3.60593e+01	3.99700e-02
3.60765e+01	4.05100e-02
3.60937e+01	4.10600e-02
3.61109e+01	4.23100e-02
3.61281e+01	4.34000e-02
3.61453e+01	4.42800e-02
3.61625e+01	4.50500e-02
3.61797e+01	4.57200e-02
3.61968e+01	4.63000e-02
3.62140e+01	4.67900e-02
3.62312e+01	4.72100e-02
3.62484e+01	4.75600e-02
3.62656e+01	4.78300e-02
3.62828e+01	4.80000e-02
3.63000e+01	4.80500e-02
3.63172e+01	4.80200e-02
3.63343e+01	4.79400e-02
3.63515e+01	4.78300e-02
3.63687e+01	4.77100e-02
3.63859e+01	4.76300e-02
3.64031e+01	4.75700e-02
3.64203e+01	4.75000e-02
3.64375e+01	4.74200e-02
3.64547e+01	4.73300e-02
3.64718e+01	4.72400e-02
3.64890e+01	4.71600e-02
3.65062e+01	4.70800e-02
3.65234e+01	4.70300e-02
3.65406e+01	4.69800e-02
3.65578e+01	4.69400e-02
3.65750e+01	4.69000e-02
3.65922e+01	4.68700e-02
3.66093e+01	4.68500e-02
3.66265e+01	4.68300e-02
3.66437e+01	4.68200e-02
3.66609e+01	4.68100e-02
3.66781e+01	4.68100e-02
3.66953e+01	4.68100e-02
3.67125e+01	4.68200e-02
3.67296e+01	4.68300e-02
3.67468e+01	4.68400e-02
3.67640e+01	4.68400e-02
3.67812e+01	4.68300e-02
3.67984e+01	4.68100e-02
3.68156e+01	4.67900e-02
3.68328e+01	4.67700e-02
3.68499e+01	4.67400e-02
3.68671e+01	4.67100e-02
3.68843e+01	4.66800e-02
3.69015e+01	4.66400e-02
3.69187e+01	4.65900e-02
3.69359e+01	4.65400e-02
3.69531e+01	4.64800e-02
3.69703e+01	4.64100e-02
3.69874e+01	4.63500e-02
3.70046e+01	4.62900e-02
3.70218e+01	4.62300e-02
3.70390e+01	4.61900e-02
3.70562e+01	4.61600e-02
3.70734e+01	4.61300e-02
3.70906e+01	4.61200e-02
3.71078e+01	4.61100e-02
3.71250e+01	4.61000e-02
3.71421e+01	4.60900e-02
3.71593e+01	4.60800e-02
3.71765e+01	4.60700e-02
3.71937e+01	4.60700e-02
3.72109e+01	4.60700e-02
3.72281e+01	4.60800e-02
3.72453e+01	4.60800e-02
3.72624e+01	4.60800e-02
3.72796e+01	4.60700e-02
3.72968e+01	4.60400e-02
3.73140e+01	4.59900e-02
3.73312e+01	4.59300e-02
3.73484e+01	4.58700e-02
3.73656e+01	4.58000e-02
3.73828e+01	4.57100e-02
3.73999e+01	4.56100e-02
3.74171e+01	4.54900e-02
3.74343e+01	4.53500e-02
3.74515e+01	4.51900e-02
3.74687e+01	4.50100e-02
3.74859e+01	4.48100e-02
3.75031e+01	4.45900e-02
3.75202e+01	4.43500e-02
3.75374e+01	4.41100e-02
3.75546e+01	4.38600e-02
3.75718e+01	4.36100e-02
3.75890e+01	4.33400e-02
3.76062e+01	4.30600e-02
3.76234e+01	4.27600e-02
3.76406e+01	4.24500e-02
3.76577e+01	4.21400e-02
3.76749e+01	4.18400e-02
3.76921e+01	4.15600e-02
3.77093e+01	4.13000e-02
3.77265e+01	4.10800e-02
3.77437e+01	4.08700e-02
3.77609e+01	4.06700e-02
3.77780e+01	4.04900e-02
3.77952e+01	4.03200e-02
3.78124e+01	4.01600e-02
3.78296e+01	4.00100e-02
3.78468e+01	3.98500e-02
3.78640e+01	3.97100e-02
3.78812e+01	3.95700e-02
3.78984e+01	3.94500e-02
3.79156e+01	3.93300e-02
3.79327e+01	3.92200e-02
3.79499e+01	3.91100e-02
3.79671e+01	3.89900e-02
3.79843e+01	3.88800e-02
3.80015e+01	3.87700e-02
3.80187e+01	3.86500e-02
3.80359e+01	3.85400e-02
3.80530e+01	3.84300e-02
3.80702e+01	3.83100e-02
3.80874e+01	3.82100e-02
3.81046e+01	3.81000e-02
3.81218e+01	3.79900e-02
3.81390e+01	3.78900e-02
3.81562e+01	3.77900e-02
3.81734e+01	3.76900e-02
3.81905e+01	3.76000e-02
3.82077e+01	3.75000e-02
3.82249e+01	3.74100e-02
3.82421e+01	3.73100e-02
3.82593e+01	3.72100e-02
3.82765e+01	3.71000e-02
3.82937e+01	3.70000e-02
3.83108e+01	3.68900e-02
3.83280e+01	3.67700e-02
3.83452e+01	3.66600e-02
3.83624e+01	3.65400e-02
3.83796e+01	3.64200e-02
3.83968e+01	3.62900e-02
3.84140e+01	3.61700e-02
3.84312e+01	3.60300e-02
3.84483e+01	3.58900e-02
3.84655e+01	3.57400e-02
3.84827e+01	3.55900e-02
3.84999e+01	3.54400e-02
3.85171e+01	3.52900e-02
3.85343e+01	3.51500e-02
3.85515e+01	3.50100e-02
3.85686e+01	3.48800e-02
3.85858e+01	3.47400e-02
3.86030e+01	3.46200e-02
3.86202e+01	3.44900e-02
3.86374e+01	3.43700e-02
3.86546e+01	3.42500e-02
3.86718e+01	3.41300e-02
3.86890e+01	3.40200e-02
3.87062e+01	3.39200e-02
3.87233e+01	3.38200e-02
3.87405e+01	3.37400e-02
3.87577e+01	3.36600e-02
3.87749e+01	3.35800e-02
3.87921e+01	3.35000e-02
3.88093e+01	3.34100e-02
3.88265e+01	3.33200e-02
3.88437e+01	3.32200e-02
3.88608e+01	3.31200e-02
3.88780e+01	3.30200e-02
3.88952e+01	3.29300e-02
3.89124e+01	3.28300e-02
3.89296e+01	3.27300e-02
3.89468e+01	3.26400e-02
3.89640e+01	3.25400e-02
3.89811e+01	3.24400e-02
3.89983e+01	3.23500e-02
3.90155e+01	3.22500e-02
3.90327e+01	3.21500e-02
3.90499e+01	3.20600e-02
3.90671e+01	3.19600e-02
3.90843e+01	3.18600e-02
3.91015e+01	3.17700e-02
3.91186e+01	3.16700e-02
3.91358e+01	3.15700e-02
3.91530e+01	3.14800e-02
3.91702e+01	3.13800e-02
3.91874e+01	3.12800e-02
3.92046e+01	3.11900e-02
3.92218e+01	3.10900e-02
3.92389e+01	3.09900e-02
3.92561e+01	3.09000e-02
3.92733e+01	3.08000e-02
3.92905e+01	3.07000e-02
3.93077e+01	3.06000e-02
3.93249e+01	3.05100e-02
3.93421e+01	3.04100e-02
3.93592e+01	3.03100e-02
3.93764e+01	3.02200e-02
3.93936e+01	3.01200e-02
3.94108e+01	3.00200e-02
3.94280e+01	2.99300e-02
3.94452e+01	2.98300e-02
3.94624e+01	2.97300e-02
3.94796e+01	2.96400e-02
3.94967e+01	2.95400e-02
3.95139e+01	2.94400e-02
3.95311e+01	2.93500e-02
3.95483e+01	2.92500e-02
3.95655e+01	2.91500e-02
3.95827e+01	2.90600e-02
3.95999e+01	2.89600e-02
3.96171e+01	2.88600e-02
3.96343e+01	2.87700e-02
3.96514e+01	2.86700e-02
3.96686e+01	2.85700e-02
3.96858e+01	2.84800e-02
3.97030e+01	2.83800e-02
3.97202e+01	2.82800e-02
3.97374e+01	2.81900e-02
3.97546e+01	2.80900e-02
3.97717e+01	2.79900e-02
3.97889e+01	2.79000e-02
3.98061e+01	2.78000e-02
3.98233e+01	2.77000e-02
3.98405e+01	2.76100e-02
3.98577e+01	2.75100e-02
3.98749e+01	2.74100e-02
3.98921e+01	2.73200e-02
3.99092e+01	2.72200e-02
3.99264e+01	2.71200e-02
3.99436e+01	2.70300e-02
3.99608e+01	2.69300e-02
3.99780e+01	2.68300e-02
3.99952e+01	2.67400e-02
4.00124e+01	2.66400e-02
4.00295e+01	2.65400e-02
4.00467e+01	2.64500e-02
4.00639e+01	2.63500e-02
4.00811e+01	2.62500e-02
4.00983e+01	2.61600e-02
4.01155e+01	2.60600e-02
4.01327e+01	2.59600e-02
4.01499e+01	2.58700e-02
4.01670e+01	2.57700e-02
4.01842e+01	2.56700e-02
4.02014e+01	2.55800e-02
4.02186e+01	2.54800e-02
4.02358e+01	2.53800e-02
4.02530e+01	2.52900e-02
4.02702e+01	2.51900e-02
4.02873e+01	2.50900e-02
4.03045e+01	2.50000e-02
4.03217e+01	2.49000e-02
4.03389e+01	2.48000e-02
4.03561e+01	2.47100e-02
4.03733e+01	2.46100e-02
4.03905e+01	2.45100e-02
4.04077e+01	2.44200e-02
4.04249e+01	2.43200e-02
4.04420e+01	2.42200e-02
4.04592e+01	2.41300e-02
4.04764e+01	2.40300e-02
4.04936e+01	2.39300e-02
4.05108e+01	2.38400e-02
4.05280e+01	2.37400e-02
4.05452e+01	2.36400e-02
4.05623e+01	2.35500e-02
4.05795e+01	2.34500e-02
4.05967e+01	2.33500e-02
4.06139e+01	2.32600e-02
4.06311e+01	2.31600e-02
4.06483e+01	2.30600e-02
4.06655e+01	2.29700e-02
4.06827e+01	2.28700e-02
4.06998e+01	2.27700e-02
4.07170e+01	2.26800e-02
4.07342e+01	2.25800e-02
4.07514e+01	2.24800e-02
4.07686e+01	2.23900e-02
4.07858e+01	2.22900e-02
4.08030e+01	2.21900e-02
4.08201e+01	2.21000e-02
4.08373e+01	2.20000e-02
4.08545e+01	2.19000e-02
4.08717e+01	2.18100e-02
4.08889e+01	2.17100e-02
4.09061e+01	2.16100e-02
4.09233e+01	2.15200e-02
4.09405e+01	2.14200e-02
4.09576e+01	2.13200e-02
4.09748e+01	2.12300e-02
4.09920e+01	2.11300e-02
4.10092e+01	2.10300e-02
4.10264e+01	2.09400e-02
4.10436e+01	2.08400e-02
4.10608e+01	2.07400e-02
4.10779e+01	2.06500e-02
4.10951e+01	2.05500e-02
4.11123e+01	2.04500e-02
4.11295e+01	2.03600e-02
4.11467e+01	2.02600e-02
4.11639e+01	2.01600e-02
4.11811e+01	2.00700e-02
4.11983e+01	1.99700e-02
4.12155e+01	1.98700e-02
4.12326e+01	1.97800e-02
4.12498e+01	1.96800e-02
4.12670e+01	1.95800e-02
4.12842e+01	1.94900e-02
4.13014e+01	1.93900e-02
4.13186e+01	1.92900e-02
4.13358e+01	1.92000e-02
4.13530e+01	1.91000e-02
4.13701e+01	1.90000e-02
4.13873e+01	1.89100e-02
4.14045e+01	1.88100e-02
4.14217e+01	1.87100e-02
4.14389e+01	1.86200e-02
4.14561e+01	1.85400e-02
4.14733e+01	1.84600e-02
4.14904e+01	1.83800e-02
4.15076e+01	1.83000e-02
4.15248e+01	1.82200e-02
4.15420e+01	1.81400e-02
4.15592e+01	1.80600e-02
4.15764e+01	1.79800e-02
4.15936e+01	1.79000e-02
4.16107e+01	1.78400e-02
4.16279e+01	1.77800e-02
4.16451e+01	1.77200e-02
4.16623e+01	1.76600e-02
4.16795e+01	1.76000e-02
4.16967e+01	1.75400e-02
4.17139e+01	1.74800e-02
4.17311e+01	1.74200e-02
4.17482e+01	1.73600e-02
4.17654e+01	1.73000e-02
4.17826e+01	1.72400e-02
4.17998e+01	1.71800e-02
4.18170e+01	1.71200e-02
4.18342e+01	1.70600e-02
4.18514e+01	1.70100e-02
4.18686e+01	1.69500e-02
4.18857e+01	1.68900e-02
4.19029e+01	1.68300e-02
4.19201e+01	1.67700e-02
4.19373e+01	1.67100e-02
4.19545e+01	1.66500e-02
4.19717e+01	1.65900e-02
4.19889e+01	1.65500e-02
4.20061e+01	1.65100e-02
4.20232e+01	1.64700e-02
4.20404e+01	1.64300e-02
4.20576e+01	1.63900e-02
4.20748e+01	1.63500e-02
4.20920e+01	1.63100e-02
4.21092e+01	1.62600e-02
4.21264e+01	1.62200e-02
4.21436e+01	1.61800e-02
4.21607e+01	1.61400e-02
4.21779e+01	1.61000e-02
4.21951e+01	1.60600e-02
4.22123e+01	1.60200e-02
4.22295e+01	1.59900e-02
4.22467e+01	1.59700e-02
4.22639e+01	1.59400e-02
4.22810e+01	1.59200e-02
4.22982e+01	1.58900e-02
4.23154e+01	1.58600e-02
4.23326e+01	1.58400e-02
4.23498e+01	1.58100e-02
4.23670e+01	1.57800e-02
4.23842e+01	1.57600e-02
4.24013e+01	1.57300e-02
4.24185e+01	1.57000e-02
4.24357e+01	1.56800e-02
4.24529e+01	1.56500e-02
4.24701e+01	1.56200e-02
4.24873e+01	1.56000e-02
4.25045e+01	1.55700e-02
4.25217e+01	1.55400e-02
4.25388e+01	1.55200e-02
4.25560e+01	1.54900e-02
4.25732e+01	1.54700e-02
4.25904e+01	1.54400e-02
4.26076e+01	1.54100e-02
4.26248e+01	1.53900e-02
4.26420e+01	1.53600e-02
4.26592e+01	1.53300e-02
4.26763e+01	1.53100e-02
4.26935e+01	1.52800e-02
4.27107e+01	1.52500e-02
4.27279e+01	1.52300e-02
4.27451e+01	1.52000e-02
4.27623e+01	1.51700e-02
4.27795e+01	1.51500e-02
4.27966e+01	1.51200e-02
4.28138e+01	1.50900e-02
4.28310e+01	1.50700e-02
4.28482e+01	1.50400e-02
4.28654e+01	1.50100e-02
4.28826e+01	1.49900e-02
4.28998e+01	1.49600e-02
4.29170e+01	1.49400e-02
4.29342e+01	1.49100e-02
4.29513e+01	1.48800e-02
4.29685e+01	1.48600e-02
4.29857e+01	1.48300e-02
4.30029e+01	1.48000e-02
4.30201e+01	1.47800e-02
4.30373e+01	1.47500e-02
4.30545e+01	1.47200e-02
4.30717e+01	1.47000e-02
4.30888e+01	1.46700e-02
4.31060e+01	1.46400e-02
4.31232e+01	1.46200e-02
4.31404e+01	1.45900e-02
4.31576e+01	1.45600e-02
4.31748e+01	1.45400e-02
4.31920e+01	1.45100e-02
4.32091e+01	1.44900e-02
4.32263e+01	1.44600e-02
4.32435e+01	1.44300e-02
4.32607e+01	1.44100e-02
4.32779e+01	1.43800e-02
4.32951e+01	1.43500e-02
4.33123e+01	1.43300e-02
4.33294e+01	1.43000e-02
4.33466e+01	1.42700e-02
4.33638e+01	1.42500e-02
4.33810e+01	1.42200e-02
4.33982e+01	1.41900e-02
4.34154e+01	1.41700e-02
4.34326e+01	1.41400e-02
4.34498e+01	1.41100e-02
4.34669e+01	1.40900e-02
4.34841e+01	1.40600e-02
4.35013e+01	1.40400e-02
4.35185e+01	1.40100e-02
4.35357e+01	1.39800e-02
4.35529e+01	1.39600e-02
4.35701e+01	1.39300e-02
4.35873e+01	1.39000e-02
4.36044e+01	1.38800e-02
4.36216e+01	1.38500e-02
4.36388e+01	1.38200e-02
4.36560e+01	1.38000e-02
4.36732e+01	1.37700e-02
4.36904e+01	1.37400e-02
4.37076e+01	1.37200e-02
4.37248e+01	1.36900e-02
4.37419e+01	1.36600e-02
4.37591e+01	1.36400e-02
4.37763e+01	1.36100e-02
4.37935e+01	1.35900e-02
4.38107e+01	1.35600e-02
4.38279e+01	1.35300e-02
4.38451e+01	1.35100e-02
4.38623e+01	1.34800e-02
4.38794e+01	1.34500e-02
4.38966e+01	1.34300e-02
4.39138e+01	1.34000e-02
4.39310e+01	1.33700e-02
4.39482e+01	1.33500e-02
4.39654e+01	1.33200e-02
4.39826e+01	1.32900e-02
4.39997e+01	1.32700e-02
4.40169e+01	1.32400e-02
4.40341e+01	1.32100e-02
4.40513e+01	1.31900e-02
4.40685e+01	1.31600e-02
4.40857e+01	1.31300e-02
4.41029e+01	1.31100e-02
4.41200e+01	1.30800e-02
4.41372e+01	1.30600e-02
4.41544e+01	1.30300e-02
4.41716e+01	1.30000e-02
4.41888e+01	1.29800e-02
4.42060e+01	1.29500e-02
4.42232e+01	1.29200e-02
4.42404e+01	1.29000e-02
4.42575e+01	1.28700e-02
4.42747e+01	1.28400e-02
4.42919e+01	1.28200e-02
4.43091e+01	1.27900e-02
4.43263e+01	1.27600e-02
4.43435e+01	1.27400e-02
4.43607e+01	1.27100e-02
4.43779e+01	1.26800e-02
4.43950e+01	1.26600e-02
4.44122e+01	1.26300e-02
4.44294e+01	1.26100e-02
4.44466e+01	1.25800e-02
4.44638e+01	1.25500e-02
4.44810e+01	1.25300e-02
4.44982e+01	1.25000e-02
4.45154e+01	1.24700e-02
4.45325e+01	1.24500e-02
4.45497e+01	1.24200e-02
4.45669e+01	1.23900e-02
4.45841e+01	1.23700e-02
4.46013e+01	1.23400e-02
4.46185e+01	1.23100e-02
4.46357e+01	1.22900e-02
4.46529e+01	1.22600e-02
4.46700e+01	1.22300e-02
4.46872e+01	1.22100e-02
4.47044e+01	1.21800e-02
4.47216e+01	1.21600e-02
4.47388e+01	1.21300e-02
4.47560e+01	1.21000e-02
4.47732e+01	1.20800e-02
4.47903e+01	1.20500e-02
4.48075e+01	1.20200e-02
4.48247e+01	1.20000e-02
4.48419e+01	1.19700e-02
4.48591e+01	1.19400e-02
4.48763e+01	1.19200e-02
4.48935e+01	1.18900e-02
4.49106e+01	1.18600e-02
4.49278e+01	1.18400e-02
4.49450e+01	1.18100e-02
4.49622e+01	1.17800e-02
4.49794e+01	1.17600e-02
4.49966e+01	1.17300e-02
4.50138e+01	1.17000e-02
4.50310e+01	1.16800e-02
4.50481e+01	1.16500e-02
4.50653e+01	1.16300e-02
4.50825e+01	1.16000e-02
4.50997e+01	1.15700e-02
4.51169e+01	1.15500e-02
4.51341e+01	1.15200e-02
4.51513e+01	1.14900e-02
4.51685e+01	1.14700e-02
4.51856e+01	1.14400e-02
4.52028e+01	1.14100e-02
4.52200e+01	1.13900e-02
4.52372e+01	1.13600e-02
4.52544e+01	1.13300e-02
4.52716e+01	1.13100e-02
4.52888e+01	1.12800e-02
4.53060e+01	1.12500e-02
4.53231e+01	1.12300e-02
4.53403e+01	1.12000e-02
4.53575e+01	1.11800e-02
4.53747e+01	1.11500e-02
4.53919e+01	1.11200e-02
4.54091e+01	1.11000e-02
4.54263e+01	1.10700e-02
4.54435e+01	1.10400e-02
4.54606e+01	1.10200e-02
4.54778e+01	1.09900e-02
4.54950e+01	1.09600e-02
4.55122e+01	1.09400e-02
4.55294e+01	1.09100e-02
4.55466e+01	1.08800e-02
4.55638e+01	1.08600e-02
4.55810e+01	1.08300e-02
4.55981e+01	1.08000e-02
4.56153e+01	1.07800e-02
4.56325e+01	1.07500e-02
4.56497e+01	1.07300e-02
4.56669e+01	1.07000e-02
4.56841e+01	1.06700e-02
4.57013e+01	1.06500e-02
4.57184e+01	1.06200e-02
4.57356e+01	1.05900e-02
4.57528e+01	1.05500e-02
4.57700e+01	1.05200e-02
4.57872e+01	1.04800e-02
4.58044e+01	1.04500e-02
4.58216e+01	1.04200e-02
4.58387e+01	1.03800e-02
4.58559e+01	1.03500e-02
4.58731e+01	1.03200e-02
4.58903e+01	1.02800e-02
4.59075e+01	1.02500e-02
4.59247e+01	1.02100e-02
4.59419e+01	1.01800e-02
4.59591e+01	1.01500e-02
4.59762e+01	1.01100e-02
4.59934e+01	1.00800e-02
4.60106e+01	1.00400e-02
4.60278e+01	1.00100e-02
4.60450e+01	9.98000e-03
4.60622e+01	9.94000e-03
4.60794e+01	9.91000e-03
4.60966e+01	9.88000e-03
4.61137e+01	9.84000e-03
4.61309e+01	9.81000e-03
4.61481e+01	9.77000e-03
4.61653e+01	9.74000e-03
4.61825e+01	9.71000e-03
4.61997e+01	9.67000e-03
4.62169e+01	9.64000e-03
4.62341e+01	9.61000e-03
4.62512e+01	9.57000e-03
4.62684e+01	9.54000e-03
4.62856e+01	9.50000e-03
4.63028e+01	9.47000e-03
4.63200e+01	9.44000e-03
4.63372e+01	9.40000e-03
4.63544e+01	9.37000e-03
4.63716e+01	9.34000e-03
4.63887e+01	9.30000e-03
4.64059e+01	9.27000e-03
4.64231e+01	9.23000e-03
4.64403e+01	9.20000e-03
4.64575e+01	9.17000e-03
4.64747e+01	9.13000e-03
4.64919e+01	9.10000e-03
4.65090e+01	9.06000e-03
4.65262e+01	9.03000e-03
4.65434e+01	9.00000e-03
4.65606e+01	8.96000e-03
4.65778e+01	8.93000e-03
4.65950e+01	8.90000e-03
4.66122e+01	8.86000e-03
4.66293e+01	8.83000e-03
4.66465e+01	8.79000e-03
4.66637e+01	8.76000e-03
4.66809e+01	8.73000e-03
4.66981e+01	8.69000e-03
4.67153e+01	8.66000e-03
4.67325e+01	8.63000e-03
4.67497e+01	8.59000e-03
4.67668e+01	8.56000e-03
4.67840e+01	8.52000e-03
4.68012e+01	8.49000e-03
4.68184e+01	8.46000e-03
4.68356e+01	8.42000e-03
4.68528e+01	8.39000e-03
4.68700e+01	8.36000e-03
4.68872e+01	8.32000e-03
4.69044e+01	8.29000e-03
4.69215e+01	8.25000e-03
4.69387e+01	8.22000e-03
4.69559e+01	8.19000e-03
4.69731e+01	8.15000e-03
4.69903e+01	8.12000e-03
4.70075e+01	8.09000e-03
4.70247e+01	8.05000e-03
4.70418e+01	8.02000e-03
4.70590e+01	7.98000e-03
4.70762e+01	7.95000e-03
4.70934e+01	7.92000e-03
4.71106e+01	7.88000e-03
4.71278e+01	7.85000e-03
4.71450e+01	7.81000e-03
4.71622e+01	7.78000e-03
4.71793e+01	7.75000e-03
4.71965e+01	7.71000e-03
4.72137e+01	7.68000e-03
4.72309e+01	7.65000e-03
4.72481e+01	7.61000e-03
4.72653e+01	7.58000e-03
4.72825e+01	7.54000e-03
4.72996e+01	7.51000e-03
4.73168e+01	7.48000e-03
4.73340e+01	7.44000e-03
4.73512e+01	7.41000e-03
4.73684e+01	7.38000e-03
4.73856e+01	7.34000e-03
4.74028e+01	7.31000e-03
4.74199e+01	7.27000e-03
4.74371e+01	7.24000e-03
4.74543e+01	7.21000e-03
4.74715e+01	7.17000e-03
4.74887e+01	7.14000e-03
4.75059e+01	7.12000e-03
4.75231e+01	7.10000e-03
4.75403e+01	7.08000e-03
4.75574e+01	7.06000e-03
4.75746e+01	7.05000e-03
4.75918e+01	7.03000e-03
4.76090e+01	7.01000e-03
4.76262e+01	6.99000e-03
4.76434e+01	6.97000e-03
4.76606e+01	6.95000e-03
4.76778e+01	6.93000e-03
4.76950e+01	6.91000e-03
4.77121e+01	6.89000e-03
4.77293e+01	6.88000e-03
4.77465e+01	6.86000e-03
4.77637e+01	6.84000e-03
4.77809e+01	6.82000e-03
4.77981e+01	6.80000e-03
4.78153e+01	6.78000e-03
4.78324e+01	6.76000e-03
4.78496e+01	6.74000e-03
4.78668e+01	6.73000e-03
4.78840e+01	6.71000e-03
4.79012e+01	6.69000e-03
4.79184e+01	6.67000e-03
4.79356e+01	6.65000e-03
4.79528e+01	6.63000e-03
4.79699e+01	6.61000e-03
4.79871e+01	6.59000e-03
4.80043e+01	6.58000e-03
4.80215e+01	6.56000e-03
4.80387e+01	6.54000e-03
4.80559e+01	6.52000e-03
4.80731e+01	6.50000e-03
4.80902e+01	6.48000e-03
4.81074e+01	6.46000e-03
4.81246e+01	6.44000e-03
4.81418e+01	6.43000e-03
4.81590e+01	6.41000e-03
4.81762e+01	6.39000e-03
4.81934e+01	6.37000e-03
4.82106e+01	6.35000e-03
4.82277e+01	6.33000e-03
4.82449e+01	6.31000e-03
4.82621e+01	6.29000e-03
4.82793e+01	6.28000e-03
4.82965e+01	6.26000e-03
4.83137e+01	6.24000e-03
4.83309e+01	6.22000e-03
4.83480e+01	6.23000e-03
4.83652e+01	6.25000e-03
4.83824e+01	6.27000e-03
4.83996e+01	6.28000e-03
4.84168e+01	6.30000e-03
4.84340e+01	6.31000e-03
4.84512e+01	6.33000e-03
4.84684e+01	6.34000e-03
4.84855e+01	6.36000e-03
4.85027e+01	6.38000e-03
4.85199e+01	6.39000e-03
4.85371e+01	6.41000e-03
4.85543e+01	6.42000e-03
4.85715e+01	6.44000e-03
4.85887e+01	6.45000e-03
4.86059e+01	6.47000e-03
4.86230e+01	6.48000e-03
4.86402e+01	6.56000e-03
4.86574e+01	6.64000e-03
4.86746e+01	6.72000e-03
4.86918e+01	6.80000e-03
4.87090e+01	6.88000e-03
4.87262e+01	6.96000e-03
4.87434e+01	7.03000e-03
4.87605e+01	7.11000e-03
4.87777e+01	7.19000e-03
4.87949e+01	7.27000e-03
4.88121e+01	7.35000e-03
4.88293e+01	7.43000e-03
4.88465e+01	7.51000e-03
4.88637e+01	7.59000e-03
4.88809e+01	7.66000e-03
4.88980e+01	7.74000e-03
4.89152e+01	7.82000e-03
4.89324e+01	7.90000e-03
4.89496e+01	7.98000e-03
4.89668e+01	8.06000e-03
4.89840e+01	8.14000e-03
4.90012e+01	8.22000e-03
4.90183e+01	8.29000e-03
4.90355e+01	8.37000e-03
4.90527e+01	8.45000e-03
4.90699e+01	8.53000e-03
4.90871e+01	8.61000e-03
4.91043e+01	8.69000e-03
4.91215e+01	8.77000e-03
4.91386e+01	8.84000e-03
4.91558e+01	8.92000e-03
4.91730e+01	9.00000e-03
4.91902e+01	9.08000e-03
4.92074e+01	9.16000e-03
4.92246e+01	9.24000e-03
4.92418e+01	9.32000e-03
4.92590e+01	9.40000e-03
4.92761e+01	9.47000e-03
4.92933e+01	9.55000e-03
4.93105e+01	9.67000e-03
4.93277e+01	9.78000e-03
4.93449e+01	9.90000e-03
4.93621e+01	1.00200e-02
4.93793e+01	1.01300e-02
4.93965e+01	1.02500e-02
4.94137e+01	1.03600e-02
4.94308e+01	1.04800e-02
4.94480e+01	1.05900e-02
4.94652e+01	1.07900e-02
4.94824e+01	1.09900e-02
4.94996e+01	1.11900e-02
4.95168e+01	1.13900e-02
4.95340e+01	1.15900e-02
4.95511e+01	1.17900e-02
4.95683e+01	1.19800e-02
4.95855e+01	1.21800e-02
4.96027e+01	1.23800e-02
4.96199e+01	1.27200e-02
4.96371e+01	1.30600e-02
4.96543e+01	1.35300e-02
4.96715e+01	1.39900e-02
4.96886e+01	1.44600e-02
4.97058e+01	1.49300e-02
4.97230e+01	1.53900e-02
4.97402e+01	1.58600e-02
4.97574e+01	1.65100e-02
4.97746e+01	1.71100e-02
4.97918e+01	1.76600e-02
4.98089e+01	1.81600e-02
4.98261e+01	1.86000e-02
4.98433e+01	1.89800e-02
4.98605e+01	1.92900e-02
4.98777e+01	1.95200e-02
4.98949e+01	1.96500e-02
4.99121e+01	1.97000e-02
4.99293e+01	1.96700e-02
4.99464e+01	1.95900e-02
4.99636e+01	1.94600e-02
4.99808e+01	1.92900e-02
4.99980e+01	1.91000e-02
5.00152e+01	1.89100e-02
5.00324e+01	1.87100e-02
5.00496e+01	1.85300e-02
5.00667e+01	1.83700e-02
5.00839e+01	1.82500e-02
5.01011e+01	1.81900e-02